       1,     190,      24,      23,     189
       2,     191,      25,      24,     190
       3,     192,     193,      25,     191
       4,     194,      26,      25,     193
       5,     195,      27,      26,     194
       6,     197,       2,       1,     196
       7,     198,       3,       2,     197
       8,     199,       4,       3,     198
       9,     200,       5,       4,     199
      10,     201,       6,       5,     200
      11,     202,       7,       6,     201
      12,     203,       8,       7,     202
      13,     204,       9,       8,     203
      14,     205,      10,       9,     204
      15,     206,      11,      10,     205
      16,     207,      12,      11,     206
      17,     208,      13,      12,     207
      18,     209,      14,      13,     208
      19,     210,      15,      14,     209
      20,     211,      16,      15,     210
      21,     212,      17,      16,     211
      22,     213,      18,      17,     212
      23,     214,      19,      18,     213
      24,     215,      20,      19,     214
      25,     196,       1,      20,     215
      26,     216,      22,      27,     195
      27,     217,     218,      22,     216
      28,     219,      28,      22,     218
      29,     220,      29,      28,     219
      30,     221,     111,      33,      35
      31,     222,     110,     111,     221
      32,     223,     109,     110,     222
      33,     224,     108,     109,     223
      34,     225,     107,     108,     224
      35,     226,     106,     107,     225
      36,     227,     105,     106,     226
      37,     228,     104,     105,     227
      38,     229,     103,     104,     228
      39,     230,     102,     103,     229
      40,     231,     101,     102,     230
      41,     232,     100,     101,     231
      42,     233,      99,     100,     232
      43,     234,      98,      99,     233
      44,     235,      97,      98,     234
      45,     236,      96,      97,     235
      46,     237,      95,      96,     236
      47,     238,      94,      95,     237
      48,     239,      93,      94,     238
      49,     240,      92,      93,     239
      50,     241,      91,      92,     240
      51,     242,      90,      91,     241
      52,     243,      89,      90,     242
      53,     244,      88,      89,     243
      54,     245,      87,      88,     244
      55,     246,      86,      87,     245
      56,     247,      85,      86,     246
      57,     248,      84,      85,     247
      58,     249,      83,      84,     248
      59,     250,      82,      83,     249
      60,     251,      81,      82,     250
      61,     252,      80,      81,     251
      62,     253,      79,      80,     252
      63,     254,      78,      79,     253
      64,     255,      77,      78,     254
      65,     256,      76,      77,     255
      66,     257,      75,      76,     256
      67,     258,      74,      75,     257
      68,     259,      73,      74,     258
      69,     260,      72,      73,     259
      70,     261,      71,      72,     260
      71,     262,      70,      71,     261
      72,     263,      69,      70,     262
      73,     264,      68,      69,     263
      74,     265,      67,      68,     264
      75,     266,      66,      67,     265
      76,     267,      65,      66,     266
      77,     268,      64,      65,     267
      78,     269,      63,      64,     268
      79,     270,      62,      63,     269
      80,     271,      61,      62,     270
      81,     272,      60,      61,     271
      82,     273,      59,      60,     272
      83,     274,      58,      59,     273
      84,     275,      57,      58,     274
      85,     276,      56,      57,     275
      86,     277,      55,      56,     276
      87,     278,      54,      55,     277
      88,     130,      53,      54,     278
      89,     279,      30,      29,     220
      90,     280,     281,      30,     279
      91,     282,      31,      30,     281
      92,     283,      32,      31,     282
      93,     284,     188,     112,     113
      94,     285,     187,     188,     284
      95,     286,     186,     187,     285
      96,     287,     185,     186,     286
      97,     288,     184,     185,     287
      98,     289,     183,     184,     288
      99,     290,     182,     183,     289
     100,     291,     181,     182,     290
     101,     292,     180,     181,     291
     102,     293,     179,     180,     292
     103,     294,     178,     179,     293
     104,     295,     177,     178,     294
     105,     296,     176,     177,     295
     106,     297,     175,     176,     296
     107,     298,     174,     175,     297
     108,     299,     173,     174,     298
     109,     300,     172,     173,     299
     110,     301,     171,     172,     300
     111,     302,     170,     171,     301
     112,     303,     169,     170,     302
     113,     304,     168,     169,     303
     114,     305,     167,     168,     304
     115,     306,     166,     167,     305
     116,     307,     165,     166,     306
     117,     308,     164,     165,     307
     118,     309,     163,     164,     308
     119,     310,     162,     163,     309
     120,     311,     161,     162,     310
     121,     312,     160,     161,     311
     122,     313,     159,     160,     312
     123,     314,     158,     159,     313
     124,     315,     157,     158,     314
     125,     316,     156,     157,     315
     126,     317,     155,     156,     316
     127,     318,     154,     155,     317
     128,     319,     153,     154,     318
     129,     320,     152,     153,     319
     130,     321,     151,     152,     320
     131,     322,     150,     151,     321
     132,     323,     149,     150,     322
     133,     324,     148,     149,     323
     134,     325,     147,     148,     324
     135,     326,     146,     147,     325
     136,     327,     145,     146,     326
     137,     328,     144,     145,     327
     138,     329,     143,     144,     328
     139,     330,     142,     143,     329
     140,     331,     141,     142,     330
     141,     332,     140,     141,     331
     142,     333,     139,     140,     332
     143,     334,     138,     139,     333
     144,     335,     137,     138,     334
     145,     336,     136,     137,     335
     146,     337,     135,     136,     336
     147,     338,     134,     135,     337
     148,     339,     133,     134,     338
     149,     340,     132,     133,     339
     150,     341,     131,     132,     340
     151,      52,      34,     131,     341
     152,     342,      21,      32,     283
     153,     344,     129,     130,     278
     154,     345,     128,     129,     344
     155,     346,     127,     128,     345
     156,     347,     126,     127,     346
     157,     348,     125,     126,     347
     158,     349,     124,     125,     348
     159,     350,     123,     124,     349
     160,     351,     122,     123,     350
     161,     352,     121,     122,     351
     162,     353,     120,     121,     352
     163,     354,     119,     120,     353
     164,     355,     118,     119,     354
     165,     356,     117,     118,     355
     166,     357,     116,     117,     356
     167,     358,     115,     116,     357
     168,     359,     114,     115,     358
     169,     284,     113,     114,     359
     170,     360,      51,      52,     341
     171,     361,      50,      51,     360
     172,     362,      49,      50,     361
     173,     363,      48,      49,     362
     174,     364,      47,      48,     363
     175,     365,      46,      47,     364
     176,     366,      45,      46,     365
     177,     367,      44,      45,     366
     178,     368,      43,      44,     367
     179,     369,      42,      43,     368
     180,     370,      41,      42,     369
     181,     371,      40,      41,     370
     182,     372,      39,      40,     371
     183,     373,      38,      39,     372
     184,     374,      37,      38,     373
     185,     375,      36,      37,     374
     186,     221,      35,      36,     375
     187,     378,     198,     197,     377
     188,     379,     199,     198,     378
     189,     381,     201,     200,     380
     190,     382,     202,     201,     381
     191,     384,     204,     203,     383
     192,     385,     205,     204,     384
     193,     387,     207,     206,     386
     194,     388,     208,     207,     387
     195,     391,     211,     210,     390
     196,     392,     212,     211,     391
     197,     394,     214,     213,     393
     198,     395,     215,     214,     394
     199,     377,     197,     196,     396
     200,     396,     196,     215,     397
     201,     397,     215,     395,     398
     202,     393,     213,     212,     399
     203,     399,     212,     392,     400
     204,     390,     210,     209,     401
     205,     401,     209,     389,     402
     206,     386,     206,     205,     403
     207,     403,     205,     385,     404
     208,     383,     203,     202,     405
     209,     405,     202,     382,     406
     210,     380,     200,     199,     407
     211,     407,     199,     379,     408
     212,     410,     189,     376,     409
     213,     411,     190,     189,     410
     214,     412,     191,     190,     411
     215,     413,     192,     191,     412
     216,     414,     415,     192,     413
     217,     416,     193,     192,     415
     218,     417,     194,     193,     416
     219,     418,     195,     194,     417
     220,     419,     216,     195,     418
     221,     420,     217,     216,     419
     222,     421,     422,     217,     420
     223,     423,     218,     217,     422
     224,     424,     219,     218,     423
     225,     425,     220,     219,     424
     226,     426,     279,     220,     425
     227,     427,     280,     279,     426
     228,     428,     429,     280,     427
     229,     430,     281,     280,     429
     230,     431,     282,     281,     430
     231,     432,     283,     282,     431
     232,     433,     342,     283,     432
     233,     434,     343,     342,     433
     234,     435,     376,     343,     434
     235,     551,     409,     376,     435
     236,     550,     436,     409,     551
     237,    1181,     410,     409,     436
     238,     437,     222,     221,     375
     239,     438,     223,     222,     437
     240,     439,     224,     223,     438
     241,     440,     225,     224,     439
     242,     441,     226,     225,     440
     243,     668,     227,     226,     441
     244,     442,     228,     227,     668
     245,     443,     229,     228,     442
     246,     444,     230,     229,     443
     247,     445,     231,     230,     444
     248,     446,     232,     231,     445
     249,     447,     233,     232,     446
     250,     448,     234,     233,     447
     251,     449,     235,     234,     448
     252,     450,     236,     235,     449
     253,     451,     237,     236,     450
     254,     452,     238,     237,     451
     255,     453,     239,     238,     452
     256,     454,     240,     239,     453
     257,     455,     241,     240,     454
     258,     456,     242,     241,     455
     259,     457,     243,     242,     456
     260,     458,     244,     243,     457
     261,     459,     245,     244,     458
     262,     460,     246,     245,     459
     263,     461,     247,     246,     460
     264,     462,     248,     247,     461
     265,     463,     249,     248,     462
     266,     464,     250,     249,     463
     267,     465,     251,     250,     464
     268,     466,     252,     251,     465
     269,     467,     253,     252,     466
     270,     468,     254,     253,     467
     271,     469,     255,     254,     468
     272,     470,     256,     255,     469
     273,     471,     257,     256,     470
     274,     472,     258,     257,     471
     275,     473,     259,     258,     472
     276,     474,     260,     259,     473
     277,     475,     261,     260,     474
     278,     476,     262,     261,     475
     279,     477,     263,     262,     476
     280,     478,     264,     263,     477
     281,     479,     265,     264,     478
     282,     480,     266,     265,     479
     283,     481,     267,     266,     480
     284,     482,     268,     267,     481
     285,     483,     269,     268,     482
     286,     484,     270,     269,     483
     287,     485,     271,     270,     484
     288,     486,     272,     271,     485
     289,     487,     273,     272,     486
     290,     488,     274,     273,     487
     291,     489,     275,     274,     488
     292,     490,     276,     275,     489
     293,     491,     277,     276,     490
     294,     344,     278,     277,     491
     295,     492,     285,     284,     359
     296,     493,     286,     285,     492
     297,     494,     287,     286,     493
     298,     495,     288,     287,     494
     299,     496,     289,     288,     495
     300,     497,     290,     289,     496
     301,     498,     291,     290,     497
     302,     499,     292,     291,     498
     303,     500,     293,     292,     499
     304,     501,     294,     293,     500
     305,     502,     295,     294,     501
     306,     503,     296,     295,     502
     307,     504,     297,     296,     503
     308,     505,     298,     297,     504
     309,     506,     299,     298,     505
     310,     507,     300,     299,     506
     311,     508,     301,     300,     507
     312,     509,     302,     301,     508
     313,     510,     303,     302,     509
     314,     511,     304,     303,     510
     315,     512,     305,     304,     511
     316,     513,     306,     305,     512
     317,     514,     307,     306,     513
     318,     515,     308,     307,     514
     319,     516,     309,     308,     515
     320,     517,     310,     309,     516
     321,     518,     311,     310,     517
     322,     519,     312,     311,     518
     323,     520,     313,     312,     519
     324,     521,     314,     313,     520
     325,     522,     315,     314,     521
     326,     523,     316,     315,     522
     327,     524,     317,     316,     523
     328,     525,     318,     317,     524
     329,     526,     319,     318,     525
     330,     527,     320,     319,     526
     331,     528,     321,     320,     527
     332,     529,     322,     321,     528
     333,     530,     323,     322,     529
     334,     531,     324,     323,     530
     335,     532,     325,     324,     531
     336,     533,     326,     325,     532
     337,     534,     327,     326,     533
     338,     535,     328,     327,     534
     339,     536,     329,     328,     535
     340,     537,     330,     329,     536
     341,     555,     331,     330,     537
     342,     554,     332,     331,     555
     343,     538,     333,     332,     554
     344,     539,     334,     333,     538
     345,     540,     335,     334,     539
     346,     541,     336,     335,     540
     347,     542,     337,     336,     541
     348,     543,     338,     337,     542
     349,     544,     339,     338,     543
     350,     545,     340,     339,     544
     351,     360,     341,     340,     545
     352,     546,     345,     344,     491
     353,     547,     346,     345,     546
     354,     548,     347,     346,     547
     355,     549,     348,     347,     548
     356,     550,     349,     348,     549
     357,     551,     350,     349,     550
     358,     435,     351,     350,     551
     359,     569,     403,     404,     570
     360,     568,     386,     403,     569
     361,     567,     387,     386,     568
     362,     789,     402,     389,     790
     363,     788,     727,     402,     789
     364,     726,     401,     402,     727
     365,     725,     390,     401,     726
     366,     552,     391,     390,     725
     367,     553,     392,     391,     552
     368,     554,     400,     392,     553
     369,     555,     556,     400,     554
     370,     434,     352,     351,     435
     371,     433,     353,     352,     434
     372,     557,     354,     353,     433
     373,     558,     355,     354,     557
     374,     559,     356,     355,     558
     375,     560,     357,     356,     559
     376,     561,     358,     357,     560
     377,     492,     359,     358,     561
     378,     562,     361,     360,     545
     379,     563,     362,     361,     562
     380,     564,     363,     362,     563
     381,     565,     364,     363,     564
     382,     566,     365,     364,     565
     383,     567,     366,     365,     566
     384,     568,     367,     366,     567
     385,     569,     368,     367,     568
     386,     570,     369,     368,     569
     387,     571,     370,     369,     570
     388,     572,     371,     370,     571
     389,     573,     372,     371,     572
     390,     574,     373,     372,     573
     391,     575,     374,     373,     574
     392,     437,     375,     374,     575
     393,     576,     411,     410,    1181
     394,     577,     412,     411,     576
     395,     578,     413,     412,     577
     396,     579,     414,     413,     578
     397,     580,     581,     414,     579
     398,     582,     415,     414,     581
     399,     583,     416,     415,     582
     400,     584,     417,     416,     583
     401,     585,     418,     417,     584
     402,     586,     419,     418,     585
     403,     587,     420,     419,     586
     404,     588,     421,     420,     587
     405,     589,     590,     421,     588
     406,     591,     422,     421,     590
     407,     592,     423,     422,     591
     408,     593,     424,     423,     592
     409,     594,     425,     424,     593
     410,     595,     426,     425,     594
     411,     596,     427,     426,     595
     412,     597,     428,     427,     596
     413,     786,     785,     428,     597
     414,     784,     429,     428,     785
     415,     598,     430,     429,     784
     416,     599,     431,     430,     598
     417,     600,     432,     431,     599
     418,     557,     433,     432,     600
     419,     601,     493,     492,     561
     420,     602,     494,     493,     601
     421,     603,     495,     494,     602
     422,     604,     496,     495,     603
     423,     605,     497,     496,     604
     424,     606,     498,     497,     605
     425,     607,     499,     498,     606
     426,     608,     500,     499,     607
     427,     609,     501,     500,     608
     428,     610,     502,     501,     609
     429,     611,     503,     502,     610
     430,     612,     504,     503,     611
     431,     613,     505,     504,     612
     432,     614,     506,     505,     613
     433,     615,     507,     506,     614
     434,     616,     508,     507,     615
     435,     617,     509,     508,     616
     436,     618,     510,     509,     617
     437,     619,     511,     510,     618
     438,     620,     512,     511,     619
     439,     621,     513,     512,     620
     440,     622,     514,     513,     621
     441,     623,     515,     514,     622
     442,     624,     516,     515,     623
     443,     625,     517,     516,     624
     444,     626,     518,     517,     625
     445,     627,     519,     518,     626
     446,     628,     520,     519,     627
     447,     629,     521,     520,     628
     448,     630,     522,     521,     629
     449,     631,     523,     522,     630
     450,     632,     524,     523,     631
     451,     633,     525,     524,     632
     452,     634,     526,     525,     633
     453,     635,     527,     526,     634
     454,     636,     528,     527,     635
     455,     637,     529,     528,     636
     456,     638,     530,     529,     637
     457,     639,     531,     530,     638
     458,     640,     532,     531,     639
     459,     641,     533,     532,     640
     460,     642,     534,     533,     641
     461,     643,     535,     534,     642
     462,    1180,     536,     535,     643
     463,     645,     537,     536,    1180
     464,     556,     555,     537,     645
     465,     646,     571,     570,     404
     466,     647,     572,     571,     646
     467,     648,     573,     572,     647
     468,     649,     574,     573,     648
     469,     650,     575,     574,     649
     470,     438,     437,     575,     650
     471,     651,     399,     400,     556
     472,     652,     393,     399,     651
     473,     653,     394,     393,     652
     474,     654,     395,     394,     653
     475,     655,     398,     395,     654
     476,     656,     657,     398,     655
     477,     658,     397,     398,     657
     478,     659,     396,     397,     658
     479,     660,     377,     396,     659
     480,     661,     378,     377,     660
     481,     662,     379,     378,     661
     482,     663,     408,     379,     662
     483,     664,     665,     408,     663
     484,     666,     407,     408,     665
     485,     762,     380,     407,     666
     486,     761,     381,     380,     762
     487,     667,     382,     381,     761
     488,     668,     406,     382,     667
     489,     441,     677,     406,     668
     490,     669,     405,     406,     677
     491,     670,     383,     405,     669
     492,     671,     384,     383,     670
     493,     672,     385,     384,     671
     494,     646,     404,     385,     672
     495,     738,     546,     491,     490
     496,     737,     547,     546,     738
     497,     673,     548,     547,     737
     498,    1182,     549,     548,     673
     499,     436,     550,     549,    1182
     500,     675,     439,     438,     650
     501,     676,     440,     439,     675
     502,     677,     441,     440,     676
     503,     678,     442,     668,     667
     504,     679,     443,     442,     678
     505,     680,     444,     443,     679
     506,     681,     445,     444,     680
     507,     682,     446,     445,     681
     508,     778,     447,     446,     682
     509,     777,     448,     447,     778
     510,     683,     449,     448,     777
     511,     684,     450,     449,     683
     512,     685,     451,     450,     684
     513,     686,     452,     451,     685
     514,     687,     453,     452,     686
     515,     688,     454,     453,     687
     516,     689,     455,     454,     688
     517,     690,     456,     455,     689
     518,     691,     457,     456,     690
     519,     692,     458,     457,     691
     520,     693,     459,     458,     692
     521,     694,     460,     459,     693
     522,     695,     461,     460,     694
     523,     696,     462,     461,     695
     524,     697,     463,     462,     696
     525,     698,     464,     463,     697
     526,     699,     465,     464,     698
     527,     700,     466,     465,     699
     528,     701,     467,     466,     700
     529,     702,     468,     467,     701
     530,     703,     469,     468,     702
     531,     704,     470,     469,     703
     532,     705,     471,     470,     704
     533,     706,     472,     471,     705
     534,     707,     473,     472,     706
     535,     708,     474,     473,     707
     536,     709,     475,     474,     708
     537,     710,     476,     475,     709
     538,     711,     477,     476,     710
     539,     712,     478,     477,     711
     540,     713,     479,     478,     712
     541,     714,     480,     479,     713
     542,     715,     481,     480,     714
     543,     716,     482,     481,     715
     544,     717,     483,     482,     716
     545,     718,     484,     483,     717
     546,     783,     485,     484,     718
     547,     782,     486,     485,     783
     548,     719,     487,     486,     782
     549,     720,     488,     487,     719
     550,     739,     489,     488,     720
     551,     738,     490,     489,     739
     552,     721,     562,     545,     544
     553,     722,     563,     562,     721
     554,     723,     564,     563,     722
     555,     724,     565,     564,     723
     556,     388,     566,     565,     724
     557,     552,     538,     554,     553
     558,     725,     539,     538,     552
     559,     726,     540,     539,     725
     560,     727,     541,     540,     726
     561,     788,     542,     541,     727
     562,     728,     543,     542,     788
     563,     721,     544,     543,     728
     564,     729,     558,     557,     600
     565,     730,     559,     558,     729
     566,     731,     560,     559,     730
     567,     601,     561,     560,     731
     568,     733,     577,     576,     732
     569,     734,     578,     577,     733
     570,     735,     579,     578,     734
     571,     736,     580,     579,     735
     572,     733,     732,     673,     737
     573,     738,     734,     733,     737
     574,     739,     735,     734,     738
     575,     720,     736,     735,     739
     576,     740,     669,     677,     676
     577,     741,     670,     669,     740
     578,     742,     671,     670,     741
     579,     743,     672,     671,     742
     580,     647,     646,     672,     743
     581,     744,     736,     720,     719
     582,     745,     580,     736,     744
     583,     746,     581,     580,     745
     584,     747,     582,     581,     746
     585,     862,     583,     582,     747
     586,     748,     584,     583,     862
     587,     749,     585,     584,     748
     588,     750,     586,     585,     749
     589,     751,     587,     586,     750
     590,     752,     588,     587,     751
     591,     753,     589,     588,     752
     592,     754,     755,     589,     753
     593,     756,     590,     589,     755
     594,     757,     591,     590,     756
     595,     758,     592,     591,     757
     596,     759,     593,     592,     758
     597,     791,     594,     593,     759
     598,     787,     786,     597,     760
     599,     679,     678,     667,     761
     600,     762,     680,     679,     761
     601,    1179,     651,     556,     645
     602,     827,     652,     651,    1179
     603,     763,     653,     652,     827
     604,     764,     654,     653,     763
     605,     765,     655,     654,     764
     606,     766,     656,     655,     765
     607,     767,     768,     656,     766
     608,     769,     657,     656,     768
     609,     770,     658,     657,     769
     610,     771,     659,     658,     770
     611,     772,     660,     659,     771
     612,     773,     661,     660,     772
     613,     774,     662,     661,     773
     614,     775,     663,     662,     774
     615,     776,     664,     663,     775
     616,     777,     778,     664,     776
     617,     779,     729,     600,     599
     618,     780,     730,     729,     779
     619,     781,     731,     730,     780
     620,     602,     601,     731,     781
     621,     745,     744,     719,     782
     622,     783,     746,     745,     782
     623,     718,     747,     746,     783
     624,     666,     681,     680,     762
     625,     784,     603,     602,     781
     626,     785,     604,     603,     784
     627,     786,     605,     604,     785
     628,     787,     606,     605,     786
     629,     681,     666,     665,     682
     630,     664,     778,     682,     665
     631,     784,     781,     780,     598
     632,     779,     599,     598,     780
     633,     788,     722,     721,     728
     634,     789,     723,     722,     788
     635,     790,     724,     723,     789
     636,     790,     208,     388,     724
     637,     742,     648,     647,     743
     638,     760,     607,     606,     787
     639,     793,     610,     609,     792
     640,     794,     611,     610,     793
     641,     795,     612,     611,     794
     642,     796,     613,     612,     795
     643,     797,     614,     613,     796
     644,     798,     615,     614,     797
     645,     799,     616,     615,     798
     646,     800,     617,     616,     799
     647,     801,     618,     617,     800
     648,     802,     619,     618,     801
     649,     803,     620,     619,     802
     650,     804,     621,     620,     803
     651,     805,     622,     621,     804
     652,     806,     623,     622,     805
     653,     807,     624,     623,     806
     654,     808,     625,     624,     807
     655,     809,     626,     625,     808
     656,     810,     627,     626,     809
     657,     811,     628,     627,     810
     658,     812,     629,     628,     811
     659,     813,     630,     629,     812
     660,     814,     631,     630,     813
     661,     815,     632,     631,     814
     662,     816,     633,     632,     815
     663,     817,     634,     633,     816
     664,     818,     635,     634,     817
     665,     819,     636,     635,     818
     666,     820,     637,     636,     819
     667,     821,     638,     637,     820
     668,     822,     639,     638,     821
     669,     823,     640,     639,     822
     670,     824,     641,     640,     823
     671,     825,     642,     641,     824
     672,     826,     643,     642,     825
     673,     741,     649,     648,     742
     674,     828,     683,     777,     776
     675,     829,     684,     683,     828
     676,     830,     685,     684,     829
     677,     831,     686,     685,     830
     678,     832,     687,     686,     831
     679,     833,     688,     687,     832
     680,     834,     689,     688,     833
     681,     835,     690,     689,     834
     682,     836,     691,     690,     835
     683,     837,     692,     691,     836
     684,     838,     693,     692,     837
     685,     839,     694,     693,     838
     686,     840,     695,     694,     839
     687,     841,     696,     695,     840
     688,     842,     697,     696,     841
     689,     843,     698,     697,     842
     690,     844,     699,     698,     843
     691,     845,     700,     699,     844
     692,     846,     701,     700,     845
     693,     847,     702,     701,     846
     694,     848,     703,     702,     847
     695,     849,     704,     703,     848
     696,     850,     705,     704,     849
     697,     851,     706,     705,     850
     698,     852,     707,     706,     851
     699,     853,     708,     707,     852
     700,     854,     709,     708,     853
     701,     855,     710,     709,     854
     702,     856,     711,     710,     855
     703,     857,     712,     711,     856
     704,     858,     713,     712,     857
     705,     859,     714,     713,     858
     706,     860,     715,     714,     859
     707,     861,     716,     715,     860
     708,     862,     717,     716,     861
     709,     747,     718,     717,     862
     710,     863,     675,     650,     649
     711,     863,     740,     676,     675
     712,     863,     649,     741,     740
     713,     864,     748,     862,     861
     714,     865,     749,     748,     864
     715,     866,     750,     749,     865
     716,     867,     751,     750,     866
     717,     868,     752,     751,     867
     718,     869,     753,     752,     868
     719,     871,     755,     754,     870
     720,     872,     756,     755,     871
     721,     873,     757,     756,     872
     722,     874,     758,     757,     873
     723,     875,     759,     758,     874
     724,     825,     763,     827,     826
     725,     824,     764,     763,     825
     726,     918,     765,     764,     824
     727,     876,     766,     765,     918
     728,     877,     767,     766,     876
     729,     878,     879,     767,     877
     730,     880,     768,     767,     879
     731,     881,     769,     768,     880
     732,     882,     770,     769,     881
     733,     883,     771,     770,     882
     734,     884,     772,     771,     883
     735,     885,     773,     772,     884
     736,     886,     774,     773,     885
     737,     887,     775,     774,     886
     738,     828,     776,     775,     887
     739,     958,     793,     792,     875
     740,     888,     794,     793,     958
     741,     889,     795,     794,     888
     742,     890,     796,     795,     889
     743,     891,     797,     796,     890
     744,     892,     798,     797,     891
     745,     893,     799,     798,     892
     746,     894,     800,     799,     893
     747,     895,     801,     800,     894
     748,     896,     802,     801,     895
     749,     897,     803,     802,     896
     750,     898,     804,     803,     897
     751,     899,     805,     804,     898
     752,     900,     806,     805,     899
     753,     901,     807,     806,     900
     754,     902,     808,     807,     901
     755,     903,     809,     808,     902
     756,     904,     810,     809,     903
     757,     905,     811,     810,     904
     758,     906,     812,     811,     905
     759,     907,     813,     812,     906
     760,     908,     814,     813,     907
     761,     909,     815,     814,     908
     762,     910,     816,     815,     909
     763,     911,     817,     816,     910
     764,     912,     818,     817,     911
     765,     913,     819,     818,     912
     766,     914,     820,     819,     913
     767,     915,     821,     820,     914
     768,     916,     822,     821,     915
     769,     917,     823,     822,     916
     770,     918,     824,     823,     917
     771,     886,     829,     828,     887
     772,     919,     830,     829,     886
     773,     920,     831,     830,     919
     774,     921,     832,     831,     920
     775,     922,     833,     832,     921
     776,     923,     834,     833,     922
     777,     924,     835,     834,     923
     778,     925,     836,     835,     924
     779,     926,     837,     836,     925
     780,     927,     838,     837,     926
     781,     928,     839,     838,     927
     782,     929,     840,     839,     928
     783,     930,     841,     840,     929
     784,     931,     842,     841,     930
     785,     932,     843,     842,     931
     786,     933,     844,     843,     932
     787,     934,     845,     844,     933
     788,     935,     846,     845,     934
     789,     936,     847,     846,     935
     790,     937,     848,     847,     936
     791,     938,     849,     848,     937
     792,     939,     850,     849,     938
     793,     940,     851,     850,     939
     794,     941,     852,     851,     940
     795,     942,     853,     852,     941
     796,     943,     854,     853,     942
     797,     944,     855,     854,     943
     798,     945,     856,     855,     944
     799,     946,     857,     856,     945
     800,     947,     858,     857,     946
     801,     948,     859,     858,     947
     802,     949,     860,     859,     948
     803,     864,     861,     860,     949
     804,     950,     865,     864,     949
     805,     996,     866,     865,     950
     806,     995,     867,     866,     996
     807,     951,     868,     867,     995
     808,     952,     869,     868,     951
     809,     953,     870,     869,     952
     810,     954,     871,     870,     953
     811,     955,     872,     871,     954
     812,     956,     873,     872,     955
     813,     957,     874,     873,     956
     814,     958,     875,     874,     957
     815,    1024,     878,     877,     959
     816,    1023,     960,     878,    1024
     817,     961,     879,     878,     960
     818,     962,     880,     879,     961
     819,     963,     881,     880,     962
     820,     964,     882,     881,     963
     821,     965,     883,     882,     964
     822,     966,     884,     883,     965
     823,     967,     885,     884,     966
     824,     919,     886,     885,     967
     825,     968,     920,     919,     967
     826,     969,     921,     920,     968
     827,     970,     922,     921,     969
     828,     971,     923,     922,     970
     829,     972,     924,     923,     971
     830,     973,     925,     924,     972
     831,     974,     926,     925,     973
     832,     975,     927,     926,     974
     833,     976,     928,     927,     975
     834,     977,     929,     928,     976
     835,     978,     930,     929,     977
     836,     979,     931,     930,     978
     837,     980,     932,     931,     979
     838,     981,     933,     932,     980
     839,     982,     934,     933,     981
     840,     983,     935,     934,     982
     841,     984,     936,     935,     983
     842,     985,     937,     936,     984
     843,     986,     938,     937,     985
     844,     987,     939,     938,     986
     845,     988,     940,     939,     987
     846,     989,     941,     940,     988
     847,     990,     942,     941,     989
     848,     991,     943,     942,     990
     849,     992,     944,     943,     991
     850,     993,     945,     944,     992
     851,     994,     946,     945,     993
     852,     995,     947,     946,     994
     853,     996,     948,     947,     995
     854,     949,     948,     996,     950
     855,     997,     888,     958,     957
     856,     998,     889,     888,     997
     857,     999,     890,     889,     998
     858,    1000,     891,     890,     999
     859,    1001,     892,     891,    1000
     860,    1002,     893,     892,    1001
     861,    1003,     894,     893,    1002
     862,    1004,     895,     894,    1003
     863,    1005,     896,     895,    1004
     864,    1006,     897,     896,    1005
     865,    1007,     898,     897,    1006
     866,    1008,     899,     898,    1007
     867,    1009,     900,     899,    1008
     868,    1010,     901,     900,    1009
     869,    1011,     902,     901,    1010
     870,    1012,     903,     902,    1011
     871,    1013,     904,     903,    1012
     872,    1014,     905,     904,    1013
     873,    1015,     906,     905,    1014
     874,    1016,     907,     906,    1015
     875,    1017,     908,     907,    1016
     876,    1018,     909,     908,    1017
     877,    1019,     910,     909,    1018
     878,    1020,     911,     910,    1019
     879,    1021,     912,     911,    1020
     880,    1022,     913,     912,    1021
     881,    1023,     914,     913,    1022
     882,    1024,     915,     914,    1023
     883,     916,     915,    1024,     959
     884,    1025,     951,     995,     994
     885,    1026,     960,    1023,    1022
     886,    1027,     961,     960,    1026
     887,    1028,     962,     961,    1027
     888,    1029,     963,     962,    1028
     889,    1030,     964,     963,    1029
     890,    1031,     965,     964,    1030
     891,    1032,     966,     965,    1031
     892,     968,     967,     966,    1032
     893,    1033,     997,     957,     956
     894,    1091,     998,     997,    1033
     895,    1090,     999,     998,    1091
     896,    1034,    1000,     999,    1090
     897,    1035,    1001,    1000,    1034
     898,    1036,    1002,    1001,    1035
     899,    1037,    1003,    1002,    1036
     900,    1038,    1004,    1003,    1037
     901,    1039,    1005,    1004,    1038
     902,    1040,    1006,    1005,    1039
     903,    1041,    1007,    1006,    1040
     904,    1042,    1008,    1007,    1041
     905,    1043,    1009,    1008,    1042
     906,    1044,    1010,    1009,    1043
     907,    1045,    1011,    1010,    1044
     908,    1046,    1012,    1011,    1045
     909,    1047,    1013,    1012,    1046
     910,    1048,    1014,    1013,    1047
     911,    1049,    1015,    1014,    1048
     912,    1050,    1016,    1015,    1049
     913,    1051,    1017,    1016,    1050
     914,    1052,    1018,    1017,    1051
     915,    1053,    1019,    1018,    1052
     916,    1054,    1020,    1019,    1053
     917,    1055,    1021,    1020,    1054
     918,    1056,    1022,    1021,    1055
     919,    1057,    1026,    1022,    1056
     920,    1058,    1027,    1026,    1057
     921,    1059,    1028,    1027,    1058
     922,    1060,    1029,    1028,    1059
     923,    1061,    1030,    1029,    1060
     924,    1062,    1031,    1030,    1061
     925,    1063,    1032,    1031,    1062
     926,     969,     968,    1032,    1063
     927,    1064,     970,     969,    1063
     928,    1065,     971,     970,    1064
     929,    1066,     972,     971,    1065
     930,    1067,     973,     972,    1066
     931,    1068,     974,     973,    1067
     932,    1069,     975,     974,    1068
     933,    1070,     976,     975,    1069
     934,    1071,     977,     976,    1070
     935,    1072,     978,     977,    1071
     936,    1073,     979,     978,    1072
     937,    1074,     980,     979,    1073
     938,    1075,     981,     980,    1074
     939,    1076,     982,     981,    1075
     940,    1077,     983,     982,    1076
     941,    1078,     984,     983,    1077
     942,    1079,     985,     984,    1078
     943,    1080,     986,     985,    1079
     944,    1081,     987,     986,    1080
     945,    1082,     988,     987,    1081
     946,    1083,     989,     988,    1082
     947,    1084,     990,     989,    1083
     948,    1085,     991,     990,    1084
     949,    1086,     992,     991,    1085
     950,    1087,     993,     992,    1086
     951,    1025,     994,     993,    1087
     952,    1088,     952,    1087,    1086
     953,    1089,     953,     952,    1088
     954,    1090,     954,     953,    1089
     955,    1091,     955,     954,    1090
     956,    1033,     956,     955,    1091
     957,    1092,    1034,    1090,    1089
     958,    1093,    1035,    1034,    1092
     959,    1094,    1036,    1035,    1093
     960,    1095,    1037,    1036,    1094
     961,    1096,    1038,    1037,    1095
     962,    1097,    1039,    1038,    1096
     963,    1098,    1040,    1039,    1097
     964,    1099,    1041,    1040,    1098
     965,    1100,    1042,    1041,    1099
     966,    1101,    1043,    1042,    1100
     967,    1102,    1044,    1043,    1101
     968,    1103,    1045,    1044,    1102
     969,    1104,    1046,    1045,    1103
     970,    1105,    1047,    1046,    1104
     971,    1106,    1048,    1047,    1105
     972,    1107,    1049,    1048,    1106
     973,    1108,    1050,    1049,    1107
     974,    1109,    1051,    1050,    1108
     975,    1110,    1052,    1051,    1109
     976,    1111,    1053,    1052,    1110
     977,    1112,    1054,    1053,    1111
     978,    1113,    1055,    1054,    1112
     979,    1114,    1056,    1055,    1113
     980,    1115,    1057,    1056,    1114
     981,    1115,    1059,    1058,    1057
     982,    1116,    1060,    1059,    1115
     983,    1117,    1061,    1060,    1116
     984,    1118,    1062,    1061,    1117
     985,    1064,    1063,    1062,    1118
     986,    1117,    1065,    1064,    1118
     987,    1160,    1066,    1065,    1117
     988,    1119,    1067,    1066,    1160
     989,    1120,    1068,    1067,    1119
     990,    1121,    1069,    1068,    1120
     991,    1122,    1070,    1069,    1121
     992,    1123,    1071,    1070,    1122
     993,    1124,    1072,    1071,    1123
     994,    1125,    1073,    1072,    1124
     995,    1126,    1074,    1073,    1125
     996,    1127,    1075,    1074,    1126
     997,    1128,    1076,    1075,    1127
     998,    1129,    1077,    1076,    1128
     999,    1130,    1078,    1077,    1129
    1000,    1131,    1079,    1078,    1130
    1001,    1132,    1080,    1079,    1131
    1002,    1133,    1081,    1080,    1132
    1003,    1134,    1082,    1081,    1133
    1004,    1135,    1083,    1082,    1134
    1005,    1136,    1084,    1083,    1135
    1006,    1137,    1085,    1084,    1136
    1007,    1088,    1086,    1085,    1137
    1008,    1092,    1089,    1088,    1137
    1009,    1138,    1093,    1092,    1137
    1010,    1139,    1094,    1093,    1138
    1011,    1140,    1095,    1094,    1139
    1012,    1141,    1096,    1095,    1140
    1013,    1142,    1097,    1096,    1141
    1014,    1143,    1098,    1097,    1142
    1015,    1144,    1099,    1098,    1143
    1016,    1145,    1100,    1099,    1144
    1017,    1146,    1101,    1100,    1145
    1018,    1147,    1102,    1101,    1146
    1019,    1148,    1103,    1102,    1147
    1020,    1149,    1104,    1103,    1148
    1021,    1150,    1105,    1104,    1149
    1022,    1151,    1106,    1105,    1150
    1023,    1152,    1107,    1106,    1151
    1024,    1153,    1108,    1107,    1152
    1025,    1154,    1109,    1108,    1153
    1026,    1155,    1110,    1109,    1154
    1027,    1156,    1111,    1110,    1155
    1028,    1157,    1112,    1111,    1156
    1029,    1158,    1113,    1112,    1157
    1030,    1159,    1114,    1113,    1158
    1031,    1160,    1117,    1116,    1159
    1032,    1161,    1119,    1160,    1159
    1033,    1162,    1120,    1119,    1161
    1034,    1163,    1121,    1120,    1162
    1035,    1164,    1122,    1121,    1163
    1036,    1165,    1123,    1122,    1164
    1037,    1166,    1124,    1123,    1165
    1038,    1167,    1125,    1124,    1166
    1039,    1168,    1126,    1125,    1167
    1040,    1169,    1127,    1126,    1168
    1041,    1170,    1128,    1127,    1169
    1042,    1171,    1129,    1128,    1170
    1043,    1172,    1130,    1129,    1171
    1044,    1173,    1131,    1130,    1172
    1045,    1174,    1132,    1131,    1173
    1046,    1175,    1133,    1132,    1174
    1047,    1176,    1134,    1133,    1175
    1048,    1177,    1135,    1134,    1176
    1049,    1178,    1136,    1135,    1177
    1050,    1138,    1137,    1136,    1178
    1051,    1140,    1139,    1138,    1178
    1052,    1177,    1141,    1140,    1178
    1053,    1176,    1142,    1141,    1177
    1054,    1175,    1143,    1142,    1176
    1055,    1174,    1144,    1143,    1175
    1056,    1173,    1145,    1144,    1174
    1057,    1172,    1146,    1145,    1173
    1058,    1171,    1147,    1146,    1172
    1059,    1170,    1148,    1147,    1171
    1060,    1169,    1149,    1148,    1170
    1061,    1168,    1150,    1149,    1169
    1062,    1167,    1151,    1150,    1168
    1063,    1166,    1152,    1151,    1167
    1064,    1165,    1153,    1152,    1166
    1065,    1164,    1154,    1153,    1165
    1066,    1163,    1155,    1154,    1164
    1067,    1162,    1156,    1155,    1163
    1068,    1161,    1157,    1156,    1162
    1069,    1159,    1158,    1157,    1161
    1070,     208,     790,     389,     209
    1071,     567,     566,     388,     387
    1072,     644,    1179,     645,    1180
    1073,     826,     827,    1179,     644
    1074,     643,     826,     644,    1180
    1075,     674,    1181,     436,    1182
    1076,     732,     576,    1181,     674
    1077,     673,     732,     674,    1182
    1078,     875,     792,     791,     759
    1079,     596,    1183,     760,     597
    1080,     595,    1184,    1183,     596
    1081,     594,     791,    1184,     595
    1082,     607,     760,    1183,     608
    1083,     608,    1183,    1184,     609
    1084,     609,    1184,     791,     792
    1085,     869,     870,     754,     753
    1086,    1025,    1087,     952,     951
    1087,     876,     918,     917,    1185
    1088,     877,     876,    1185,     959
    1089,    1185,     917,     916,     959
    1090,    1115,    1114,    1159,    1116
    1091,      21,     376,     189,      23
    1092,     342,     343,     376,      21
