       1,    4.700000e-02,    3.750000e-02
       2,    4.641268e-02,    4.120820e-02
       3,    4.470820e-02,    4.455342e-02
       4,    4.205342e-02,    4.720820e-02
       5,    3.870820e-02,    4.891268e-02
       6,    3.500000e-02,    4.950000e-02
       7,    3.129180e-02,    4.891268e-02
       8,    2.794658e-02,    4.720820e-02
       9,    2.529180e-02,    4.455342e-02
      10,    2.358732e-02,    4.120820e-02
      11,    2.300000e-02,    3.750000e-02
      12,    2.358732e-02,    3.379180e-02
      13,    2.529180e-02,    3.044658e-02
      14,    2.794658e-02,    2.779180e-02
      15,    3.129180e-02,    2.608732e-02
      16,    3.500000e-02,    2.550000e-02
      17,    3.870820e-02,    2.608732e-02
      18,    4.205342e-02,    2.779180e-02
      19,    4.470820e-02,    3.044658e-02
      20,    4.641268e-02,    3.379180e-02
      21,    2.121437e-01,    3.750000e-02
      22,    1.978562e-01,    3.750000e-02
      23,    2.111867e-01,    4.107188e-02
      24,    2.085719e-01,    4.368667e-02
      25,    2.050000e-01,    4.464375e-02
      26,    2.014281e-01,    4.368667e-02
      27,    1.988133e-01,    4.107188e-02
      28,    1.988133e-01,    3.392812e-02
      29,    2.014281e-01,    3.131333e-02
      30,    2.050000e-01,    3.035625e-02
      31,    2.085719e-01,    3.131333e-02
      32,    2.111867e-01,    3.392812e-02
      33,    0.000000e+00,    7.500000e-02
      34,    0.000000e+00,    0.000000e+00
      35,    0.000000e+00,    7.105263e-02
      36,    0.000000e+00,    6.710526e-02
      37,    0.000000e+00,    6.315789e-02
      38,    0.000000e+00,    5.921053e-02
      39,    0.000000e+00,    5.526316e-02
      40,    0.000000e+00,    5.131579e-02
      41,    0.000000e+00,    4.736842e-02
      42,    0.000000e+00,    4.342105e-02
      43,    0.000000e+00,    3.947368e-02
      44,    0.000000e+00,    3.552632e-02
      45,    0.000000e+00,    3.157895e-02
      46,    0.000000e+00,    2.763158e-02
      47,    0.000000e+00,    2.368421e-02
      48,    0.000000e+00,    1.973684e-02
      49,    0.000000e+00,    1.578947e-02
      50,    0.000000e+00,    1.184211e-02
      51,    0.000000e+00,    7.894737e-03
      52,    0.000000e+00,    3.947368e-03
      53,    2.300000e-01,    7.500000e-02
      54,    2.261017e-01,    7.500000e-02
      55,    2.222034e-01,    7.500000e-02
      56,    2.183051e-01,    7.500000e-02
      57,    2.144068e-01,    7.500000e-02
      58,    2.105085e-01,    7.500000e-02
      59,    2.066102e-01,    7.500000e-02
      60,    2.027119e-01,    7.500000e-02
      61,    1.988136e-01,    7.500000e-02
      62,    1.949153e-01,    7.500000e-02
      63,    1.910169e-01,    7.500000e-02
      64,    1.871186e-01,    7.500000e-02
      65,    1.832203e-01,    7.500000e-02
      66,    1.793220e-01,    7.500000e-02
      67,    1.754237e-01,    7.500000e-02
      68,    1.715254e-01,    7.500000e-02
      69,    1.676271e-01,    7.500000e-02
      70,    1.637288e-01,    7.500000e-02
      71,    1.598305e-01,    7.500000e-02
      72,    1.559322e-01,    7.500000e-02
      73,    1.520339e-01,    7.500000e-02
      74,    1.481356e-01,    7.500000e-02
      75,    1.442373e-01,    7.500000e-02
      76,    1.403390e-01,    7.500000e-02
      77,    1.364407e-01,    7.500000e-02
      78,    1.325424e-01,    7.500000e-02
      79,    1.286441e-01,    7.500000e-02
      80,    1.247458e-01,    7.500000e-02
      81,    1.208475e-01,    7.500000e-02
      82,    1.169492e-01,    7.500000e-02
      83,    1.130508e-01,    7.500000e-02
      84,    1.091525e-01,    7.500000e-02
      85,    1.052542e-01,    7.500000e-02
      86,    1.013559e-01,    7.500000e-02
      87,    9.745763e-02,    7.500000e-02
      88,    9.355932e-02,    7.500000e-02
      89,    8.966102e-02,    7.500000e-02
      90,    8.576271e-02,    7.500000e-02
      91,    8.186441e-02,    7.500000e-02
      92,    7.796610e-02,    7.500000e-02
      93,    7.406780e-02,    7.500000e-02
      94,    7.016949e-02,    7.500000e-02
      95,    6.627119e-02,    7.500000e-02
      96,    6.237288e-02,    7.500000e-02
      97,    5.847458e-02,    7.500000e-02
      98,    5.457627e-02,    7.500000e-02
      99,    5.067797e-02,    7.500000e-02
     100,    4.677966e-02,    7.500000e-02
     101,    4.288136e-02,    7.500000e-02
     102,    3.898305e-02,    7.500000e-02
     103,    3.508475e-02,    7.500000e-02
     104,    3.118644e-02,    7.500000e-02
     105,    2.728814e-02,    7.500000e-02
     106,    2.338983e-02,    7.500000e-02
     107,    1.949153e-02,    7.500000e-02
     108,    1.559322e-02,    7.500000e-02
     109,    1.169492e-02,    7.500000e-02
     110,    7.796610e-03,    7.500000e-02
     111,    3.898305e-03,    7.500000e-02
     112,    2.300000e-01,    0.000000e+00
     113,    2.300000e-01,    3.947368e-03
     114,    2.300000e-01,    7.894737e-03
     115,    2.300000e-01,    1.184211e-02
     116,    2.300000e-01,    1.578947e-02
     117,    2.300000e-01,    1.973684e-02
     118,    2.300000e-01,    2.368421e-02
     119,    2.300000e-01,    2.763158e-02
     120,    2.300000e-01,    3.157895e-02
     121,    2.300000e-01,    3.552632e-02
     122,    2.300000e-01,    3.947368e-02
     123,    2.300000e-01,    4.342105e-02
     124,    2.300000e-01,    4.736842e-02
     125,    2.300000e-01,    5.131579e-02
     126,    2.300000e-01,    5.526316e-02
     127,    2.300000e-01,    5.921053e-02
     128,    2.300000e-01,    6.315789e-02
     129,    2.300000e-01,    6.710526e-02
     130,    2.300000e-01,    7.105263e-02
     131,    3.898305e-03,    0.000000e+00
     132,    7.796610e-03,    0.000000e+00
     133,    1.169492e-02,    0.000000e+00
     134,    1.559322e-02,    0.000000e+00
     135,    1.949153e-02,    0.000000e+00
     136,    2.338983e-02,    0.000000e+00
     137,    2.728814e-02,    0.000000e+00
     138,    3.118644e-02,    0.000000e+00
     139,    3.508475e-02,    0.000000e+00
     140,    3.898305e-02,    0.000000e+00
     141,    4.288136e-02,    0.000000e+00
     142,    4.677966e-02,    0.000000e+00
     143,    5.067797e-02,    0.000000e+00
     144,    5.457627e-02,    0.000000e+00
     145,    5.847458e-02,    0.000000e+00
     146,    6.237288e-02,    0.000000e+00
     147,    6.627119e-02,    0.000000e+00
     148,    7.016949e-02,    0.000000e+00
     149,    7.406780e-02,    0.000000e+00
     150,    7.796610e-02,    0.000000e+00
     151,    8.186441e-02,    0.000000e+00
     152,    8.576271e-02,    0.000000e+00
     153,    8.966102e-02,    0.000000e+00
     154,    9.355932e-02,    0.000000e+00
     155,    9.745763e-02,    0.000000e+00
     156,    1.013559e-01,    0.000000e+00
     157,    1.052542e-01,    0.000000e+00
     158,    1.091525e-01,    0.000000e+00
     159,    1.130508e-01,    0.000000e+00
     160,    1.169492e-01,    0.000000e+00
     161,    1.208475e-01,    0.000000e+00
     162,    1.247458e-01,    0.000000e+00
     163,    1.286441e-01,    0.000000e+00
     164,    1.325424e-01,    0.000000e+00
     165,    1.364407e-01,    0.000000e+00
     166,    1.403390e-01,    0.000000e+00
     167,    1.442373e-01,    0.000000e+00
     168,    1.481356e-01,    0.000000e+00
     169,    1.520339e-01,    0.000000e+00
     170,    1.559322e-01,    0.000000e+00
     171,    1.598305e-01,    0.000000e+00
     172,    1.637288e-01,    0.000000e+00
     173,    1.676271e-01,    0.000000e+00
     174,    1.715254e-01,    0.000000e+00
     175,    1.754237e-01,    0.000000e+00
     176,    1.793220e-01,    0.000000e+00
     177,    1.832203e-01,    0.000000e+00
     178,    1.871186e-01,    0.000000e+00
     179,    1.910169e-01,    0.000000e+00
     180,    1.949153e-01,    0.000000e+00
     181,    1.988136e-01,    0.000000e+00
     182,    2.027119e-01,    0.000000e+00
     183,    2.066102e-01,    0.000000e+00
     184,    2.105085e-01,    0.000000e+00
     185,    2.144068e-01,    0.000000e+00
     186,    2.183051e-01,    0.000000e+00
     187,    2.222034e-01,    0.000000e+00
     188,    2.261017e-01,    0.000000e+00
     189,    2.133933e-01,    4.348720e-02
     190,    2.105790e-01,    4.593069e-02
     191,    2.076648e-01,    4.800262e-02
     192,    2.049738e-01,    5.073746e-02
     193,    2.021489e-01,    4.822430e-02
     194,    1.992542e-01,    4.605381e-02
     195,    1.967643e-01,    4.342738e-02
     196,    5.010348e-02,    3.794068e-02
     197,    4.917840e-02,    4.212207e-02
     198,    4.749160e-02,    4.603235e-02
     199,    4.443483e-02,    5.047618e-02
     200,    3.931374e-02,    5.225866e-02
     201,    3.489654e-02,    5.299522e-02
     202,    2.964750e-02,    5.315613e-02
     203,    2.556125e-02,    4.989253e-02
     204,    2.247857e-02,    4.667930e-02
     205,    1.910435e-02,    4.254363e-02
     206,    1.891391e-02,    3.726356e-02
     207,    1.944975e-02,    3.267167e-02
     208,    2.071426e-02,    2.732897e-02
     209,    2.557031e-02,    2.335628e-02
     210,    3.052394e-02,    2.222453e-02
     211,    3.489756e-02,    2.170063e-02
     212,    3.988227e-02,    2.161171e-02
     213,    4.403546e-02,    2.490573e-02
     214,    4.722761e-02,    2.808622e-02
     215,    5.030586e-02,    3.250336e-02
     216,    1.946973e-01,    4.054415e-02
     217,    1.921693e-01,    3.794611e-02
     218,    1.945946e-01,    3.499421e-02
     219,    1.965306e-01,    3.190620e-02
     220,    1.989870e-01,    2.919781e-02
     221,    3.936260e-03,    7.106291e-02
     222,    7.869117e-03,    7.106848e-02
     223,    1.179239e-02,    7.107391e-02
     224,    1.571349e-02,    7.105228e-02
     225,    1.966432e-02,    7.087442e-02
     226,    2.363232e-02,    7.063429e-02
     227,    2.776183e-02,    7.044569e-02
     228,    3.171560e-02,    7.085596e-02
     229,    3.549849e-02,    7.110359e-02
     230,    3.932066e-02,    7.115602e-02
     231,    4.315530e-02,    7.114412e-02
     232,    4.700173e-02,    7.114196e-02
     233,    5.085086e-02,    7.115926e-02
     234,    5.469947e-02,    7.118116e-02
     235,    5.854683e-02,    7.118209e-02
     236,    6.240000e-02,    7.114778e-02
     237,    6.626785e-02,    7.113092e-02
     238,    7.014819e-02,    7.113165e-02
     239,    7.403877e-02,    7.114396e-02
     240,    7.793228e-02,    7.113469e-02
     241,    8.183011e-02,    7.111824e-02
     242,    8.573011e-02,    7.110512e-02
     243,    8.963068e-02,    7.108927e-02
     244,    9.353210e-02,    7.108220e-02
     245,    9.743372e-02,    7.107396e-02
     246,    1.013355e-01,    7.107261e-02
     247,    1.052372e-01,    7.106741e-02
     248,    1.091386e-01,    7.106789e-02
     249,    1.130399e-01,    7.106397e-02
     250,    1.169407e-01,    7.106552e-02
     251,    1.208413e-01,    7.106181e-02
     252,    1.247416e-01,    7.106324e-02
     253,    1.286492e-01,    7.105424e-02
     254,    1.325572e-01,    7.104080e-02
     255,    1.364712e-01,    7.103118e-02
     256,    1.403853e-01,    7.101259e-02
     257,    1.443046e-01,    7.098187e-02
     258,    1.482254e-01,    7.095047e-02
     259,    1.521485e-01,    7.091718e-02
     260,    1.560758e-01,    7.088876e-02
     261,    1.600078e-01,    7.087939e-02
     262,    1.639323e-01,    7.090185e-02
     263,    1.678654e-01,    7.093296e-02
     264,    1.717934e-01,    7.097940e-02
     265,    1.757208e-01,    7.102021e-02
     266,    1.796482e-01,    7.104874e-02
     267,    1.835696e-01,    7.104693e-02
     268,    1.874882e-01,    7.101828e-02
     269,    1.913897e-01,    7.103340e-02
     270,    1.952487e-01,    7.117581e-02
     271,    1.990505e-01,    7.136861e-02
     272,    2.027906e-01,    7.150744e-02
     273,    2.065121e-01,    7.157782e-02
     274,    2.102653e-01,    7.142456e-02
     275,    2.140790e-01,    7.112869e-02
     276,    2.179748e-01,    7.093463e-02
     277,    2.219710e-01,    7.090136e-02
     278,    2.259851e-01,    7.097421e-02
     279,    2.018056e-01,    2.686990e-02
     280,    2.044542e-01,    2.398526e-02
     281,    2.075014e-01,    2.677403e-02
     282,    2.106353e-01,    2.896746e-02
     283,    2.134354e-01,    3.147509e-02
     284,    2.260970e-01,    3.942226e-03
     285,    2.222058e-01,    3.945945e-03
     286,    2.183111e-01,    3.977735e-03
     287,    2.144244e-01,    4.013558e-03
     288,    2.105487e-01,    3.995607e-03
     289,    2.067129e-01,    3.862882e-03
     290,    2.029104e-01,    3.721277e-03
     291,    1.991260e-01,    3.708401e-03
     292,    1.953269e-01,    3.918888e-03
     293,    1.914782e-01,    4.254492e-03
     294,    1.875276e-01,    4.421420e-03
     295,    1.835212e-01,    4.437090e-03
     296,    1.795081e-01,    4.332962e-03
     297,    1.755247e-01,    4.243102e-03
     298,    1.715693e-01,    4.189541e-03
     299,    1.676364e-01,    4.142656e-03
     300,    1.637188e-01,    4.089896e-03
     301,    1.598105e-01,    4.033352e-03
     302,    1.559078e-01,    3.985952e-03
     303,    1.520089e-01,    3.949979e-03
     304,    1.481124e-01,    3.927258e-03
     305,    1.442170e-01,    3.914326e-03
     306,    1.403222e-01,    3.907292e-03
     307,    1.364271e-01,    3.903469e-03
     308,    1.325317e-01,    3.901313e-03
     309,    1.286358e-01,    3.900036e-03
     310,    1.247396e-01,    3.899275e-03
     311,    1.208433e-01,    3.898797e-03
     312,    1.169462e-01,    3.898545e-03
     313,    1.130414e-01,    3.900061e-03
     314,    1.091366e-01,    3.903316e-03
     315,    1.052270e-01,    3.913680e-03
     316,    1.013161e-01,    3.924794e-03
     317,    9.740018e-02,    3.948397e-03
     318,    9.347609e-02,    3.973354e-03
     319,    8.956235e-02,    4.011270e-03
     320,    8.564348e-02,    4.032434e-03
     321,    8.171830e-02,    4.022864e-03
     322,    7.779178e-02,    3.991313e-03
     323,    7.387644e-02,    3.956327e-03
     324,    6.997227e-02,    3.949163e-03
     325,    6.607353e-02,    3.970033e-03
     326,    6.219415e-02,    3.969132e-03
     327,    5.835270e-02,    3.854472e-03
     328,    5.455798e-02,    3.725557e-03
     329,    5.077014e-02,    3.731164e-03
     330,    4.696391e-02,    3.981671e-03
     331,    4.308873e-02,    4.406635e-03
     332,    3.908201e-02,    4.733835e-03
     333,    3.499591e-02,    4.631265e-03
     334,    3.094967e-02,    4.559752e-03
     335,    2.694613e-02,    4.503534e-03
     336,    2.297877e-02,    4.401840e-03
     337,    1.906769e-02,    4.178548e-03
     338,    1.529944e-02,    3.887796e-03
     339,    1.153541e-02,    3.801515e-03
     340,    7.726904e-03,    3.825256e-03
     341,    3.873449e-03,    3.881479e-03
     342,    2.158161e-01,    3.435805e-02
     343,    2.178614e-01,    3.686405e-02
     344,    2.258744e-01,    6.693565e-02
     345,    2.259064e-01,    6.289565e-02
     346,    2.260920e-01,    5.894895e-02
     347,    2.263487e-01,    5.505599e-02
     348,    2.264528e-01,    5.121979e-02
     349,    2.263273e-01,    4.739505e-02
     350,    2.260215e-01,    4.354218e-02
     351,    2.257624e-01,    3.967460e-02
     352,    2.255572e-01,    3.567999e-02
     353,    2.253664e-01,    3.157890e-02
     354,    2.257296e-01,    2.744205e-02
     355,    2.260523e-01,    2.352359e-02
     356,    2.261611e-01,    1.960408e-02
     357,    2.261453e-01,    1.570376e-02
     358,    2.261160e-01,    1.179547e-02
     359,    2.261054e-01,    7.876242e-03
     360,    3.888681e-03,    7.767136e-03
     361,    4.010593e-03,    1.166488e-02
     362,    4.242024e-03,    1.557769e-02
     363,    4.470704e-03,    1.956264e-02
     364,    4.691119e-03,    2.359062e-02
     365,    4.786495e-03,    2.765257e-02
     366,    4.839665e-03,    3.173290e-02
     367,    4.746673e-03,    3.579336e-02
     368,    4.574418e-03,    3.981313e-02
     369,    4.285212e-03,    4.375959e-02
     370,    4.000886e-03,    4.764075e-02
     371,    3.848175e-03,    5.149202e-02
     372,    3.900805e-03,    5.535153e-02
     373,    4.014348e-03,    5.924637e-02
     374,    4.000116e-03,    6.318095e-02
     375,    3.968809e-03,    6.712132e-02
     376,    2.166954e-01,    4.060038e-02
     377,    5.237872e-02,    4.316776e-02
     378,    5.095990e-02,    4.717265e-02
     379,    4.918194e-02,    5.125468e-02
     380,    3.948632e-02,    5.613664e-02
     381,    3.524917e-02,    5.686468e-02
     382,    3.099692e-02,    5.801072e-02
     383,    2.257808e-02,    5.249421e-02
     384,    1.975613e-02,    4.940625e-02
     385,    1.658195e-02,    4.665507e-02
     386,    1.416290e-02,    3.666146e-02
     387,    1.452540e-02,    3.219060e-02
     388,    1.468079e-02,    2.759253e-02
     389,    2.199348e-02,    2.116261e-02
     390,    3.028918e-02,    1.783420e-02
     391,    3.440318e-02,    1.742115e-02
     392,    3.824866e-02,    1.671714e-02
     393,    4.665810e-02,    2.197917e-02
     394,    4.971406e-02,    2.502747e-02
     395,    5.287923e-02,    2.810840e-02
     396,    5.355508e-02,    3.907112e-02
     397,    5.454497e-02,    3.465584e-02
     398,    5.634863e-02,    3.061567e-02
     399,    4.356516e-02,    1.866606e-02
     400,    4.150247e-02,    1.461717e-02
     401,    2.598299e-02,    1.806141e-02
     402,    2.192192e-02,    1.763187e-02
     403,    1.372984e-02,    4.107991e-02
     404,    1.262544e-02,    4.508585e-02
     405,    2.513202e-02,    5.602620e-02
     406,    2.689178e-02,    6.022678e-02
     407,    4.385549e-02,    5.535306e-02
     408,    4.814834e-02,    5.545687e-02
     409,    2.184525e-01,    4.477178e-02
     410,    2.153085e-01,    4.645065e-02
     411,    2.126556e-01,    4.849253e-02
     412,    2.101536e-01,    5.076594e-02
     413,    2.077016e-01,    5.329470e-02
     414,    2.051860e-01,    5.580202e-02
     415,    2.023192e-01,    5.355871e-02
     416,    1.994753e-01,    5.116714e-02
     417,    1.967556e-01,    4.869449e-02
     418,    1.943212e-01,    4.595669e-02
     419,    1.920155e-01,    4.323118e-02
     420,    1.896053e-01,    4.063429e-02
     421,    1.872048e-01,    3.816438e-02
     422,    1.895715e-01,    3.548417e-02
     423,    1.917981e-01,    3.259366e-02
     424,    1.939042e-01,    2.962841e-02
     425,    1.962306e-01,    2.679985e-02
     426,    1.987553e-01,    2.410922e-02
     427,    2.013425e-01,    2.140909e-02
     428,    2.037104e-01,    1.850272e-02
     429,    2.070633e-01,    2.090360e-02
     430,    2.100064e-01,    2.380459e-02
     431,    2.128313e-01,    2.633829e-02
     432,    2.159513e-01,    2.871794e-02
     433,    2.199419e-01,    3.154768e-02
     434,    2.212584e-01,    3.604786e-02
     435,    2.214642e-01,    4.002532e-02
     436,    2.195372e-01,    4.814016e-02
     437,    7.929948e-03,    6.713389e-02
     438,    1.186967e-02,    6.715826e-02
     439,    1.574233e-02,    6.718947e-02
     440,    1.965406e-02,    6.682055e-02
     441,    2.366775e-02,    6.613202e-02
     442,    3.249492e-02,    6.692606e-02
     443,    3.600813e-02,    6.733015e-02
     444,    3.964823e-02,    6.734327e-02
     445,    4.340520e-02,    6.728261e-02
     446,    4.720976e-02,    6.727279e-02
     447,    5.101692e-02,    6.732529e-02
     448,    5.480584e-02,    6.739103e-02
     449,    5.859169e-02,    6.738551e-02
     450,    6.239409e-02,    6.729085e-02
     451,    6.623622e-02,    6.725254e-02
     452,    7.010810e-02,    6.726556e-02
     453,    7.399413e-02,    6.727065e-02
     454,    7.789066e-02,    6.725921e-02
     455,    8.179096e-02,    6.723435e-02
     456,    8.569214e-02,    6.719423e-02
     457,    8.959597e-02,    6.717056e-02
     458,    9.350034e-02,    6.714902e-02
     459,    9.740601e-02,    6.713800e-02
     460,    1.013117e-01,    6.712856e-02
     461,    1.052175e-01,    6.712583e-02
     462,    1.091228e-01,    6.712033e-02
     463,    1.130274e-01,    6.711955e-02
     464,    1.169319e-01,    6.711505e-02
     465,    1.208354e-01,    6.711479e-02
     466,    1.247458e-01,    6.710855e-02
     467,    1.286619e-01,    6.709250e-02
     468,    1.325814e-01,    6.707438e-02
     469,    1.365092e-01,    6.705113e-02
     470,    1.404451e-01,    6.700919e-02
     471,    1.443832e-01,    6.695522e-02
     472,    1.483284e-01,    6.688745e-02
     473,    1.522861e-01,    6.681322e-02
     474,    1.562489e-01,    6.675863e-02
     475,    1.602103e-01,    6.675080e-02
     476,    1.641741e-01,    6.678690e-02
     477,    1.681328e-01,    6.686199e-02
     478,    1.720849e-01,    6.695243e-02
     479,    1.760282e-01,    6.703612e-02
     480,    1.799692e-01,    6.710805e-02
     481,    1.839179e-01,    6.710919e-02
     482,    1.878760e-01,    6.702499e-02
     483,    1.918226e-01,    6.709177e-02
     484,    1.956792e-01,    6.736489e-02
     485,    1.993963e-01,    6.780149e-02
     486,    2.029385e-01,    6.820846e-02
     487,    2.063220e-01,    6.832204e-02
     488,    2.097467e-01,    6.796203e-02
     489,    2.134662e-01,    6.732450e-02
     490,    2.175204e-01,    6.670793e-02
     491,    2.217617e-01,    6.678410e-02
     492,    2.222119e-01,    7.878271e-03
     493,    2.183166e-01,    7.931407e-03
     494,    2.144216e-01,    8.025002e-03
     495,    2.105439e-01,    7.952942e-03
     496,    2.067598e-01,    7.704624e-03
     497,    2.030783e-01,    7.353092e-03
     498,    1.994693e-01,    7.284252e-03
     499,    1.959495e-01,    7.738701e-03
     500,    1.921462e-01,    8.416866e-03
     501,    1.880318e-01,    9.021099e-03
     502,    1.837310e-01,    8.877209e-03
     503,    1.796180e-01,    8.646943e-03
     504,    1.755480e-01,    8.492854e-03
     505,    1.715478e-01,    8.401991e-03
     506,    1.675932e-01,    8.308529e-03
     507,    1.636659e-01,    8.190090e-03
     508,    1.597560e-01,    8.070860e-03
     509,    1.558570e-01,    7.968868e-03
     510,    1.519640e-01,    7.897303e-03
     511,    1.480740e-01,    7.851635e-03
     512,    1.441852e-01,    7.825974e-03
     513,    1.402964e-01,    7.812954e-03
     514,    1.364067e-01,    7.806315e-03
     515,    1.325158e-01,    7.802976e-03
     516,    1.286238e-01,    7.800944e-03
     517,    1.247306e-01,    7.799872e-03
     518,    1.208364e-01,    7.799053e-03
     519,    1.169351e-01,    7.799166e-03
     520,    1.130290e-01,    7.802234e-03
     521,    1.091181e-01,    7.813980e-03
     522,    1.052004e-01,    7.829979e-03
     523,    1.012760e-01,    7.862528e-03
     524,    9.733787e-02,    7.900156e-03
     525,    9.340711e-02,    7.969263e-03
     526,    8.946699e-02,    8.036827e-03
     527,    8.551793e-02,    8.073516e-03
     528,    8.156128e-02,    8.063508e-03
     529,    7.761918e-02,    7.985981e-03
     530,    7.369877e-02,    7.901939e-03
     531,    6.977600e-02,    7.882660e-03
     532,    6.585534e-02,    7.955472e-03
     533,    6.197517e-02,    7.921148e-03
     534,    5.818793e-02,    7.705351e-03
     535,    5.452694e-02,    7.384387e-03
     536,    5.094454e-02,    7.337981e-03
     537,    4.735376e-02,    7.845746e-03
     538,    3.477016e-02,    9.310933e-03
     539,    3.062283e-02,    9.115974e-03
     540,    2.653914e-02,    9.025546e-03
     541,    2.249353e-02,    8.775675e-03
     542,    1.848038e-02,    8.402920e-03
     543,    1.497689e-02,    7.597444e-03
     544,    1.145678e-02,    7.539304e-03
     545,    7.743347e-03,    7.646232e-03
     546,    2.216564e-01,    6.252217e-02
     547,    2.222362e-01,    5.842969e-02
     548,    2.227929e-01,    5.464760e-02
     549,    2.230538e-01,    5.111056e-02
     550,    2.227825e-01,    4.763650e-02
     551,    2.221835e-01,    4.399483e-02
     552,    3.408867e-02,    1.342666e-02
     553,    3.720343e-02,    1.346161e-02
     554,    3.925059e-02,    1.021600e-02
     555,    4.359563e-02,    8.776954e-03
     556,    4.488478e-02,    1.277255e-02
     557,    2.214461e-01,    2.688616e-02
     558,    2.221964e-01,    2.305305e-02
     559,    2.223942e-01,    1.939062e-02
     560,    2.223011e-01,    1.561802e-02
     561,    2.222374e-01,    1.177790e-02
     562,    7.957919e-03,    1.142907e-02
     563,    8.473457e-03,    1.526211e-02
     564,    8.937754e-03,    1.929124e-02
     565,    9.305412e-03,    2.340740e-02
     566,    9.635335e-03,    2.765502e-02
     567,    9.617899e-03,    3.192250e-02
     568,    9.494977e-03,    3.614227e-02
     569,    9.062759e-03,    4.030073e-02
     570,    8.485048e-03,    4.423485e-02
     571,    7.897231e-03,    4.798480e-02
     572,    7.581682e-03,    5.166069e-02
     573,    7.760562e-03,    5.536471e-02
     574,    8.063170e-03,    5.921157e-02
     575,    7.990692e-03,    6.317978e-02
     576,    2.146916e-01,    5.095439e-02
     577,    2.126117e-01,    5.334419e-02
     578,    2.103273e-01,    5.574483e-02
     579,    2.078223e-01,    5.805157e-02
     580,    2.055460e-01,    6.022725e-02
     581,    2.029242e-01,    5.842868e-02
     582,    1.998551e-01,    5.647137e-02
     583,    1.966517e-01,    5.420183e-02
     584,    1.940037e-01,    5.129644e-02
     585,    1.915845e-01,    4.839946e-02
     586,    1.893024e-01,    4.571742e-02
     587,    1.869384e-01,    4.312658e-02
     588,    1.846716e-01,    4.061239e-02
     589,    1.824957e-01,    3.824552e-02
     590,    1.847819e-01,    3.583621e-02
     591,    1.869747e-01,    3.317700e-02
     592,    1.890617e-01,    3.029079e-02
     593,    1.911117e-01,    2.728118e-02
     594,    1.932838e-01,    2.426753e-02
     595,    1.957539e-01,    2.147380e-02
     596,    1.982963e-01,    1.889494e-02
     597,    2.006719e-01,    1.637939e-02
     598,    2.126313e-01,    2.116074e-02
     599,    2.148467e-01,    2.378517e-02
     600,    2.177616e-01,    2.550216e-02
     601,    2.183461e-01,    1.184340e-02
     602,    2.144682e-01,    1.200782e-02
     603,    2.104354e-01,    1.211377e-02
     604,    2.065277e-01,    1.145882e-02
     605,    2.030006e-01,    1.077853e-02
     606,    1.999173e-01,    1.051529e-02
     607,    1.968388e-01,    1.128997e-02
     608,    1.933757e-01,    1.258327e-02
     609,    1.888908e-01,    1.458626e-02
     610,    1.837794e-01,    1.347382e-02
     611,    1.794632e-01,    1.295571e-02
     612,    1.753820e-01,    1.272865e-02
     613,    1.713991e-01,    1.262946e-02
     614,    1.674596e-01,    1.249280e-02
     615,    1.635485e-01,    1.230353e-02
     616,    1.596545e-01,    1.210892e-02
     617,    1.557707e-01,    1.194887e-02
     618,    1.518921e-01,    1.183723e-02
     619,    1.480154e-01,    1.177119e-02
     620,    1.441383e-01,    1.173612e-02
     621,    1.402596e-01,    1.171804e-02
     622,    1.363785e-01,    1.171106e-02
     623,    1.324945e-01,    1.170760e-02
     624,    1.286079e-01,    1.170715e-02
     625,    1.247189e-01,    1.170612e-02
     626,    1.208249e-01,    1.170652e-02
     627,    1.169221e-01,    1.170690e-02
     628,    1.130170e-01,    1.171616e-02
     629,    1.091018e-01,    1.173333e-02
     630,    1.051767e-01,    1.176333e-02
     631,    1.012368e-01,    1.180120e-02
     632,    9.729731e-02,    1.187728e-02
     633,    9.334390e-02,    1.197220e-02
     634,    8.937341e-02,    1.207272e-02
     635,    8.538787e-02,    1.215036e-02
     636,    8.141067e-02,    1.213803e-02
     637,    7.745853e-02,    1.197993e-02
     638,    7.352230e-02,    1.180898e-02
     639,    6.958641e-02,    1.177479e-02
     640,    6.568766e-02,    1.189929e-02
     641,    6.165104e-02,    1.207107e-02
     642,    5.779059e-02,    1.151008e-02
     643,    5.430850e-02,    1.088204e-02
     644,    5.146724e-02,    1.300564e-02
     645,    4.824016e-02,    1.140592e-02
     646,    1.156763e-02,    4.862848e-02
     647,    1.097821e-02,    5.177454e-02
     648,    1.146825e-02,    5.504925e-02
     649,    1.262648e-02,    5.899601e-02
     650,    1.201997e-02,    6.325291e-02
     651,    4.679892e-02,    1.627900e-02
     652,    4.934505e-02,    1.927338e-02
     653,    5.230297e-02,    2.190949e-02
     654,    5.537804e-02,    2.448797e-02
     655,    5.844086e-02,    2.700445e-02
     656,    6.155188e-02,    2.917381e-02
     657,    5.980430e-02,    3.262037e-02
     658,    5.829465e-02,    3.638950e-02
     659,    5.709446e-02,    4.036833e-02
     660,    5.592069e-02,    4.434646e-02
     661,    5.462910e-02,    4.827295e-02
     662,    5.326689e-02,    5.214986e-02
     663,    5.210468e-02,    5.593665e-02
     664,    5.149800e-02,    5.970916e-02
     665,    4.766992e-02,    5.947433e-02
     666,    4.365516e-02,    5.952132e-02
     667,    3.213161e-02,    6.177433e-02
     668,    2.857761e-02,    6.505522e-02
     669,    2.141117e-02,    5.811810e-02
     670,    1.936619e-02,    5.487118e-02
     671,    1.713000e-02,    5.197489e-02
     672,    1.474440e-02,    4.968579e-02
     673,    2.195181e-01,    5.404537e-02
     674,    2.178694e-01,    5.101357e-02
     675,    1.561704e-02,    6.358722e-02
     676,    1.905118e-02,    6.299497e-02
     677,    2.284532e-02,    6.187336e-02
     678,    3.365726e-02,    6.420982e-02
     679,    3.634280e-02,    6.396290e-02
     680,    3.979913e-02,    6.369344e-02
     681,    4.355968e-02,    6.345249e-02
     682,    4.740560e-02,    6.342224e-02
     683,    5.861136e-02,    6.364705e-02
     684,    6.232355e-02,    6.340993e-02
     685,    6.615287e-02,    6.335563e-02
     686,    7.003855e-02,    6.337605e-02
     687,    7.394038e-02,    6.340031e-02
     688,    7.784547e-02,    6.338838e-02
     689,    8.174648e-02,    6.333075e-02
     690,    8.564987e-02,    6.327189e-02
     691,    8.955450e-02,    6.322302e-02
     692,    9.346268e-02,    6.319587e-02
     693,    9.737256e-02,    6.318082e-02
     694,    1.012838e-01,    6.317264e-02
     695,    1.051947e-01,    6.316671e-02
     696,    1.091048e-01,    6.316314e-02
     697,    1.130149e-01,    6.315908e-02
     698,    1.169233e-01,    6.315604e-02
     699,    1.208361e-01,    6.315156e-02
     700,    1.247558e-01,    6.314103e-02
     701,    1.286791e-01,    6.312151e-02
     702,    1.326122e-01,    6.309818e-02
     703,    1.365586e-01,    6.305866e-02
     704,    1.405115e-01,    6.299983e-02
     705,    1.444763e-01,    6.291326e-02
     706,    1.484609e-01,    6.280185e-02
     707,    1.524512e-01,    6.269053e-02
     708,    1.564561e-01,    6.260845e-02
     709,    1.604587e-01,    6.258666e-02
     710,    1.644545e-01,    6.264868e-02
     711,    1.684267e-01,    6.277269e-02
     712,    1.723831e-01,    6.291166e-02
     713,    1.763281e-01,    6.304989e-02
     714,    1.802648e-01,    6.320514e-02
     715,    1.842294e-01,    6.321679e-02
     716,    1.881733e-01,    6.306882e-02
     717,    1.923660e-01,    6.294243e-02
     718,    1.964088e-01,    6.362183e-02
     719,    2.060707e-01,    6.546344e-02
     720,    2.089985e-01,    6.477689e-02
     721,    1.169013e-02,    1.110717e-02
     722,    1.268575e-02,    1.465616e-02
     723,    1.337325e-02,    1.880446e-02
     724,    1.398125e-02,    2.307330e-02
     725,    3.026069e-02,    1.353267e-02
     726,    2.617600e-02,    1.347379e-02
     727,    2.194425e-02,    1.329843e-02
     728,    1.464438e-02,    1.063966e-02
     729,    2.188259e-01,    2.240796e-02
     730,    2.188323e-01,    1.924368e-02
     731,    2.185482e-01,    1.568357e-02
     732,    2.167645e-01,    5.291556e-02
     733,    2.152141e-01,    5.552001e-02
     734,    2.130154e-01,    5.830167e-02
     735,    2.102280e-01,    6.049183e-02
     736,    2.076724e-01,    6.216378e-02
     737,    2.184294e-01,    5.742813e-02
     738,    2.166211e-01,    6.173580e-02
     739,    2.122700e-01,    6.358845e-02
     740,    1.808278e-02,    5.967064e-02
     741,    1.621256e-02,    5.686352e-02
     742,    1.464922e-02,    5.395506e-02
     743,    1.345728e-02,    5.180513e-02
     744,    2.058597e-01,    6.335128e-02
     745,    2.038936e-01,    6.246970e-02
     746,    2.010885e-01,    6.126950e-02
     747,    1.976778e-01,    5.982993e-02
     748,    1.908187e-01,    5.378010e-02
     749,    1.887119e-01,    5.062606e-02
     750,    1.864295e-01,    4.793576e-02
     751,    1.840772e-01,    4.539602e-02
     752,    1.818913e-01,    4.274763e-02
     753,    1.801323e-01,    4.016003e-02
     754,    1.790460e-01,    3.810486e-02
     755,    1.803615e-01,    3.621460e-02
     756,    1.822830e-01,    3.381208e-02
     757,    1.843204e-01,    3.112544e-02
     758,    1.862670e-01,    2.816611e-02
     759,    1.881386e-01,    2.509615e-02
     760,    1.982871e-01,    1.423571e-02
     761,    3.581635e-02,    6.064138e-02
     762,    3.965157e-02,    5.997625e-02
     763,    5.472048e-02,    1.874842e-02
     764,    5.790785e-02,    2.106911e-02
     765,    6.080236e-02,    2.374664e-02
     766,    6.353568e-02,    2.601638e-02
     767,    6.645683e-02,    2.776902e-02
     768,    6.479123e-02,    3.090270e-02
     769,    6.325529e-02,    3.429177e-02
     770,    6.190071e-02,    3.790674e-02
     771,    6.071049e-02,    4.168505e-02
     772,    5.958461e-02,    4.554616e-02
     773,    5.843520e-02,    4.944139e-02
     774,    5.713756e-02,    5.324264e-02
     775,    5.569612e-02,    5.654258e-02
     776,    5.518067e-02,    6.000578e-02
     777,    5.494942e-02,    6.363201e-02
     778,    5.121742e-02,    6.352041e-02
     779,    2.164265e-01,    2.191283e-02
     780,    2.156068e-01,    1.954537e-02
     781,    2.147041e-01,    1.604429e-02
     782,    2.032243e-01,    6.515365e-02
     783,    2.000409e-01,    6.445688e-02
     784,    2.101253e-01,    1.711494e-02
     785,    2.057041e-01,    1.522235e-02
     786,    2.024577e-01,    1.384960e-02
     787,    2.002207e-01,    1.286687e-02
     788,    1.716349e-02,    1.305807e-02
     789,    1.772937e-02,    1.799380e-02
     790,    1.848738e-02,    2.239243e-02
     791,    1.902098e-01,    2.179103e-02
     792,    1.867134e-01,    1.934637e-02
     793,    1.827461e-01,    1.792920e-02
     794,    1.788032e-01,    1.722566e-02
     795,    1.749930e-01,    1.690079e-02
     796,    1.711158e-01,    1.686665e-02
     797,    1.672360e-01,    1.670668e-02
     798,    1.633619e-01,    1.643193e-02
     799,    1.595011e-01,    1.613871e-02
     800,    1.556448e-01,    1.590907e-02
     801,    1.517906e-01,    1.576204e-02
     802,    1.479358e-01,    1.568118e-02
     803,    1.440777e-01,    1.564031e-02
     804,    1.402143e-01,    1.562543e-02
     805,    1.363451e-01,    1.561955e-02
     806,    1.324703e-01,    1.562109e-02
     807,    1.285904e-01,    1.562128e-02
     808,    1.247057e-01,    1.562410e-02
     809,    1.208119e-01,    1.562397e-02
     810,    1.169138e-01,    1.562968e-02
     811,    1.130075e-01,    1.564497e-02
     812,    1.090905e-01,    1.566641e-02
     813,    1.051600e-01,    1.569998e-02
     814,    1.012235e-01,    1.576168e-02
     815,    9.727388e-02,    1.585234e-02
     816,    9.329978e-02,    1.597736e-02
     817,    8.929739e-02,    1.613085e-02
     818,    8.527497e-02,    1.627387e-02
     819,    8.124738e-02,    1.627716e-02
     820,    7.727608e-02,    1.597001e-02
     821,    7.337715e-02,    1.565101e-02
     822,    6.956669e-02,    1.556776e-02
     823,    6.568982e-02,    1.585310e-02
     824,    6.108662e-02,    1.704320e-02
     825,    5.683427e-02,    1.535030e-02
     826,    5.365990e-02,    1.400542e-02
     827,    5.180593e-02,    1.659963e-02
     828,    5.864652e-02,    6.006979e-02
     829,    6.210195e-02,    5.949736e-02
     830,    6.600045e-02,    5.941828e-02
     831,    6.995645e-02,    5.948523e-02
     832,    7.389535e-02,    5.954338e-02
     833,    7.780357e-02,    5.952298e-02
     834,    8.169920e-02,    5.941463e-02
     835,    8.559664e-02,    5.931311e-02
     836,    8.950158e-02,    5.925190e-02
     837,    9.341501e-02,    5.922306e-02
     838,    9.733325e-02,    5.920960e-02
     839,    1.012525e-01,    5.920451e-02
     840,    1.051710e-01,    5.919944e-02
     841,    1.090885e-01,    5.919647e-02
     842,    1.130035e-01,    5.919180e-02
     843,    1.169196e-01,    5.918830e-02
     844,    1.208407e-01,    5.918077e-02
     845,    1.247665e-01,    5.916758e-02
     846,    1.286996e-01,    5.914584e-02
     847,    1.326482e-01,    5.911585e-02
     848,    1.366085e-01,    5.906316e-02
     849,    1.405873e-01,    5.897949e-02
     850,    1.445914e-01,    5.885771e-02
     851,    1.486050e-01,    5.870951e-02
     852,    1.526454e-01,    5.854907e-02
     853,    1.566985e-01,    5.842216e-02
     854,    1.607511e-01,    5.837532e-02
     855,    1.647676e-01,    5.846503e-02
     856,    1.687505e-01,    5.865874e-02
     857,    1.727016e-01,    5.886173e-02
     858,    1.766193e-01,    5.904563e-02
     859,    1.804818e-01,    5.937711e-02
     860,    1.842084e-01,    5.943961e-02
     861,    1.881601e-01,    5.900019e-02
     862,    1.931648e-01,    5.796266e-02
     863,    1.544210e-02,    6.075129e-02
     864,    1.872336e-01,    5.531793e-02
     865,    1.858263e-01,    5.233444e-02
     866,    1.836855e-01,    5.005206e-02
     867,    1.810171e-01,    4.753870e-02
     868,    1.788980e-01,    4.446776e-02
     869,    1.770901e-01,    4.129464e-02
     870,    1.766441e-01,    3.793993e-02
     871,    1.777894e-01,    3.493478e-02
     872,    1.796745e-01,    3.212714e-02
     873,    1.815946e-01,    2.940439e-02
     874,    1.832921e-01,    2.644752e-02
     875,    1.849521e-01,    2.312261e-02
     876,    6.546832e-02,    2.337626e-02
     877,    6.813979e-02,    2.483646e-02
     878,    7.114459e-02,    2.605522e-02
     879,    6.958475e-02,    2.913290e-02
     880,    6.806084e-02,    3.232525e-02
     881,    6.669987e-02,    3.568664e-02
     882,    6.546881e-02,    3.920571e-02
     883,    6.433849e-02,    4.286094e-02
     884,    6.330659e-02,    4.665010e-02
     885,    6.233223e-02,    5.059817e-02
     886,    6.123663e-02,    5.511907e-02
     887,    5.852642e-02,    5.724381e-02
     888,    1.780267e-01,    2.107303e-02
     889,    1.744915e-01,    2.091136e-02
     890,    1.707892e-01,    2.100495e-02
     891,    1.669509e-01,    2.085716e-02
     892,    1.631203e-01,    2.056180e-02
     893,    1.592968e-01,    2.013716e-02
     894,    1.554809e-01,    1.983162e-02
     895,    1.516654e-01,    1.965775e-02
     896,    1.478431e-01,    1.957080e-02
     897,    1.440108e-01,    1.953795e-02
     898,    1.401671e-01,    1.953002e-02
     899,    1.363123e-01,    1.953442e-02
     900,    1.324477e-01,    1.953995e-02
     901,    1.285750e-01,    1.954699e-02
     902,    1.246940e-01,    1.955061e-02
     903,    1.208042e-01,    1.955559e-02
     904,    1.169083e-01,    1.956669e-02
     905,    1.130030e-01,    1.958195e-02
     906,    1.090891e-01,    1.960903e-02
     907,    1.051656e-01,    1.965112e-02
     908,    1.012357e-01,    1.971793e-02
     909,    9.728623e-02,    1.982230e-02
     910,    9.330563e-02,    1.998025e-02
     911,    8.928064e-02,    2.019529e-02
     912,    8.519410e-02,    2.046647e-02
     913,    8.103583e-02,    2.053640e-02
     914,    7.690432e-02,    1.994174e-02
     915,    7.309310e-02,    1.937993e-02
     916,    6.961458e-02,    1.906638e-02
     917,    6.638069e-02,    1.926713e-02
     918,    6.337914e-02,    2.090125e-02
     919,    6.587214e-02,    5.536734e-02
     920,    6.997798e-02,    5.559179e-02
     921,    7.391939e-02,    5.572104e-02
     922,    7.779169e-02,    5.567750e-02
     923,    8.164631e-02,    5.548543e-02
     924,    8.552460e-02,    5.532786e-02
     925,    8.943561e-02,    5.525751e-02
     926,    9.336178e-02,    5.523485e-02
     927,    9.729314e-02,    5.523221e-02
     928,    1.012238e-01,    5.522947e-02
     929,    1.051513e-01,    5.522959e-02
     930,    1.090751e-01,    5.522487e-02
     931,    1.129963e-01,    5.522221e-02
     932,    1.169189e-01,    5.521521e-02
     933,    1.208453e-01,    5.520788e-02
     934,    1.247772e-01,    5.519072e-02
     935,    1.287201e-01,    5.516939e-02
     936,    1.326786e-01,    5.512933e-02
     937,    1.366585e-01,    5.506294e-02
     938,    1.406637e-01,    5.495518e-02
     939,    1.446935e-01,    5.480499e-02
     940,    1.487532e-01,    5.461085e-02
     941,    1.528524e-01,    5.439206e-02
     942,    1.569749e-01,    5.418559e-02
     943,    1.610791e-01,    5.408337e-02
     944,    1.651414e-01,    5.422219e-02
     945,    1.691313e-01,    5.452961e-02
     946,    1.730390e-01,    5.479875e-02
     947,    1.769229e-01,    5.500458e-02
     948,    1.806885e-01,    5.573271e-02
     949,    1.839240e-01,    5.606756e-02
     950,    1.837244e-01,    5.361720e-02
     951,    1.756770e-01,    4.622073e-02
     952,    1.727234e-01,    4.246624e-02
     953,    1.731621e-01,    3.741319e-02
     954,    1.747269e-01,    3.332943e-02
     955,    1.770896e-01,    3.031152e-02
     956,    1.790180e-01,    2.798159e-02
     957,    1.802611e-01,    2.516563e-02
     958,    1.814859e-01,    2.183790e-02
     959,    6.936291e-02,    2.209435e-02
     960,    7.436916e-02,    2.736353e-02
     961,    7.266366e-02,    3.045449e-02
     962,    7.129839e-02,    3.355304e-02
     963,    7.013306e-02,    3.686285e-02
     964,    6.903661e-02,    4.028792e-02
     965,    6.796912e-02,    4.380586e-02
     966,    6.706754e-02,    4.746307e-02
     967,    6.636520e-02,    5.129685e-02
     968,    7.027218e-02,    5.174801e-02
     969,    7.407917e-02,    5.197317e-02
     970,    7.782221e-02,    5.191292e-02
     971,    8.155342e-02,    5.153816e-02
     972,    8.541723e-02,    5.130082e-02
     973,    8.934868e-02,    5.123641e-02
     974,    9.330247e-02,    5.123830e-02
     975,    9.725588e-02,    5.124925e-02
     976,    1.012009e-01,    5.125783e-02
     977,    1.051378e-01,    5.125814e-02
     978,    1.090673e-01,    5.125624e-02
     979,    1.129934e-01,    5.125032e-02
     980,    1.169194e-01,    5.124432e-02
     981,    1.208492e-01,    5.123275e-02
     982,    1.247843e-01,    5.121685e-02
     983,    1.287322e-01,    5.118981e-02
     984,    1.326985e-01,    5.114351e-02
     985,    1.366865e-01,    5.106391e-02
     986,    1.407093e-01,    5.093819e-02
     987,    1.447628e-01,    5.076192e-02
     988,    1.488769e-01,    5.052380e-02
     989,    1.530398e-01,    5.022631e-02
     990,    1.572382e-01,    4.989102e-02
     991,    1.614325e-01,    4.977168e-02
     992,    1.656132e-01,    4.990985e-02
     993,    1.695667e-01,    5.046721e-02
     994,    1.732526e-01,    5.088827e-02
     995,    1.776599e-01,    5.042150e-02
     996,    1.814883e-01,    5.248402e-02
     997,    1.773537e-01,    2.441162e-02
     998,    1.743309e-01,    2.460567e-02
     999,    1.706559e-01,    2.523062e-02
    1000,    1.666558e-01,    2.518722e-02
    1001,    1.627799e-01,    2.464029e-02
    1002,    1.590335e-01,    2.406618e-02
    1003,    1.552827e-01,    2.369028e-02
    1004,    1.515251e-01,    2.350341e-02
    1005,    1.477500e-01,    2.343299e-02
    1006,    1.439516e-01,    2.342128e-02
    1007,    1.401308e-01,    2.343211e-02
    1008,    1.362902e-01,    2.345072e-02
    1009,    1.324344e-01,    2.346671e-02
    1010,    1.285666e-01,    2.347979e-02
    1011,    1.246885e-01,    2.348847e-02
    1012,    1.208011e-01,    2.349883e-02
    1013,    1.169068e-01,    2.351138e-02
    1014,    1.130065e-01,    2.353117e-02
    1015,    1.090983e-01,    2.355905e-02
    1016,    1.051918e-01,    2.360131e-02
    1017,    1.012793e-01,    2.366838e-02
    1018,    9.735781e-02,    2.378182e-02
    1019,    9.341395e-02,    2.394928e-02
    1020,    8.942821e-02,    2.423444e-02
    1021,    8.534624e-02,    2.470792e-02
    1022,    8.052046e-02,    2.565875e-02
    1023,    7.610170e-02,    2.389614e-02
    1024,    7.248483e-02,    2.286315e-02
    1025,    1.730626e-01,    4.787999e-02
    1026,    7.742284e-02,    2.919074e-02
    1027,    7.544641e-02,    3.178300e-02
    1028,    7.441953e-02,    3.463866e-02
    1029,    7.356481e-02,    3.785493e-02
    1030,    7.257872e-02,    4.117106e-02
    1031,    7.154706e-02,    4.454221e-02
    1032,    7.080468e-02,    4.804556e-02
    1033,    1.770971e-01,    2.678095e-02
    1034,    1.662320e-01,    2.974580e-02
    1035,    1.622878e-01,    2.878251e-02
    1036,    1.586588e-01,    2.786419e-02
    1037,    1.550481e-01,    2.743632e-02
    1038,    1.513971e-01,    2.728562e-02
    1039,    1.476878e-01,    2.726328e-02
    1040,    1.439267e-01,    2.728983e-02
    1041,    1.401240e-01,    2.733089e-02
    1042,    1.362920e-01,    2.736849e-02
    1043,    1.324383e-01,    2.739874e-02
    1044,    1.285707e-01,    2.741990e-02
    1045,    1.246910e-01,    2.743535e-02
    1046,    1.208037e-01,    2.744982e-02
    1047,    1.169092e-01,    2.746513e-02
    1048,    1.130117e-01,    2.748544e-02
    1049,    1.091160e-01,    2.751115e-02
    1050,    1.052278e-01,    2.755004e-02
    1051,    1.013482e-01,    2.761376e-02
    1052,    9.748213e-02,    2.770912e-02
    1053,    9.363770e-02,    2.786332e-02
    1054,    8.983732e-02,    2.815577e-02
    1055,    8.610651e-02,    2.887578e-02
    1056,    8.253553e-02,    3.009469e-02
    1057,    7.954732e-02,    3.179123e-02
    1058,    7.745140e-02,    3.298162e-02
    1059,    7.736047e-02,    3.537064e-02
    1060,    7.696362e-02,    3.852175e-02
    1061,    7.616876e-02,    4.200640e-02
    1062,    7.493039e-02,    4.509977e-02
    1063,    7.442897e-02,    4.837764e-02
    1064,    7.781035e-02,    4.842669e-02
    1065,    8.124746e-02,    4.763313e-02
    1066,    8.521999e-02,    4.722143e-02
    1067,    8.923593e-02,    4.719434e-02
    1068,    9.325048e-02,    4.723892e-02
    1069,    9.723549e-02,    4.727362e-02
    1070,    1.011954e-01,    4.729039e-02
    1071,    1.051376e-01,    4.729293e-02
    1072,    1.090695e-01,    4.729018e-02
    1073,    1.129956e-01,    4.728274e-02
    1074,    1.169215e-01,    4.727490e-02
    1075,    1.208495e-01,    4.726143e-02
    1076,    1.247838e-01,    4.724373e-02
    1077,    1.287290e-01,    4.721291e-02
    1078,    1.326897e-01,    4.716178e-02
    1079,    1.366779e-01,    4.707261e-02
    1080,    1.406960e-01,    4.693947e-02
    1081,    1.447670e-01,    4.674642e-02
    1082,    1.488949e-01,    4.647047e-02
    1083,    1.531027e-01,    4.607951e-02
    1084,    1.573059e-01,    4.562777e-02
    1085,    1.618322e-01,    4.516196e-02
    1086,    1.662937e-01,    4.563732e-02
    1087,    1.702845e-01,    4.656784e-02
    1088,    1.675824e-01,    4.089475e-02
    1089,    1.690849e-01,    3.589111e-02
    1090,    1.711042e-01,    3.036977e-02
    1091,    1.749196e-01,    2.794965e-02
    1092,    1.648104e-01,    3.443461e-02
    1093,    1.610902e-01,    3.258088e-02
    1094,    1.580408e-01,    3.129523e-02
    1095,    1.548569e-01,    3.102058e-02
    1096,    1.513648e-01,    3.099526e-02
    1097,    1.477201e-01,    3.106164e-02
    1098,    1.439757e-01,    3.114719e-02
    1099,    1.401716e-01,    3.122595e-02
    1100,    1.363305e-01,    3.128839e-02
    1101,    1.324674e-01,    3.133513e-02
    1102,    1.285901e-01,    3.136587e-02
    1103,    1.247042e-01,    3.138905e-02
    1104,    1.208101e-01,    3.140605e-02
    1105,    1.169138e-01,    3.142413e-02
    1106,    1.130170e-01,    3.144170e-02
    1107,    1.091303e-01,    3.146587e-02
    1108,    1.052512e-01,    3.149809e-02
    1109,    1.013909e-01,    3.154735e-02
    1110,    9.756587e-02,    3.161012e-02
    1111,    9.380951e-02,    3.171325e-02
    1112,    9.016167e-02,    3.198956e-02
    1113,    8.681313e-02,    3.250890e-02
    1114,    8.371579e-02,    3.385858e-02
    1115,    8.038708e-02,    3.493325e-02
    1116,    8.072020e-02,    3.871677e-02
    1117,    8.018097e-02,    4.335547e-02
    1118,    7.766554e-02,    4.560341e-02
    1119,    8.918966e-02,    4.308621e-02
    1120,    9.327722e-02,    4.324260e-02
    1121,    9.727339e-02,    4.331106e-02
    1122,    1.012269e-01,    4.333431e-02
    1123,    1.051601e-01,    4.333650e-02
    1124,    1.090837e-01,    4.333001e-02
    1125,    1.130033e-01,    4.332074e-02
    1126,    1.169227e-01,    4.330941e-02
    1127,    1.208450e-01,    4.329446e-02
    1128,    1.247711e-01,    4.327418e-02
    1129,    1.287042e-01,    4.324152e-02
    1130,    1.326516e-01,    4.318676e-02
    1131,    1.366168e-01,    4.309819e-02
    1132,    1.406072e-01,    4.296831e-02
    1133,    1.446349e-01,    4.277533e-02
    1134,    1.487094e-01,    4.248721e-02
    1135,    1.527507e-01,    4.201771e-02
    1136,    1.570077e-01,    4.124495e-02
    1137,    1.621114e-01,    3.954100e-02
    1138,    1.591584e-01,    3.580643e-02
    1139,    1.573621e-01,    3.377564e-02
    1140,    1.548872e-01,    3.422526e-02
    1141,    1.515858e-01,    3.460124e-02
    1142,    1.479304e-01,    3.482767e-02
    1143,    1.441411e-01,    3.499589e-02
    1144,    1.402897e-01,    3.512077e-02
    1145,    1.364124e-01,    3.521132e-02
    1146,    1.325223e-01,    3.527507e-02
    1147,    1.286253e-01,    3.531761e-02
    1148,    1.247248e-01,    3.534617e-02
    1149,    1.208218e-01,    3.536691e-02
    1150,    1.169185e-01,    3.538455e-02
    1151,    1.130193e-01,    3.540141e-02
    1152,    1.091248e-01,    3.542084e-02
    1153,    1.052376e-01,    3.544504e-02
    1154,    1.013681e-01,    3.547219e-02
    1155,    9.753081e-02,    3.549594e-02
    1156,    9.376608e-02,    3.551138e-02
    1157,    9.019633e-02,    3.551939e-02
    1158,    8.740629e-02,    3.533714e-02
    1159,    8.524128e-02,    3.795811e-02
    1160,    8.494727e-02,    4.291104e-02
    1161,    8.953543e-02,    3.899298e-02
    1162,    9.348269e-02,    3.928915e-02
    1163,    9.739423e-02,    3.937463e-02
    1164,    1.012966e-01,    3.939259e-02
    1165,    1.051999e-01,    3.938770e-02
    1166,    1.091051e-01,    3.937478e-02
    1167,    1.130124e-01,    3.936150e-02
    1168,    1.169222e-01,    3.934647e-02
    1169,    1.208346e-01,    3.933002e-02
    1170,    1.247487e-01,    3.930769e-02
    1171,    1.286670e-01,    3.927481e-02
    1172,    1.325891e-01,    3.922210e-02
    1173,    1.365165e-01,    3.914309e-02
    1174,    1.404516e-01,    3.902714e-02
    1175,    1.443864e-01,    3.885916e-02
    1176,    1.483104e-01,    3.861120e-02
    1177,    1.521305e-01,    3.816872e-02
    1178,    1.558115e-01,    3.735909e-02
    1179,    4.950403e-02,    1.436119e-02
    1180,    5.124353e-02,    1.062444e-02
    1181,    2.167959e-01,    4.906087e-02
    1182,    2.200479e-01,    5.106427e-02
    1183,    1.956288e-01,    1.609682e-02
    1184,    1.926594e-01,    1.857063e-02
    1185,    6.707843e-02,    2.158163e-02
